# laptime, ego_x_pos, ego_y_pos, actual speed, expected speed, tracking error, nosie, completion, steering, slip_angle
0.000000  ,0.211887  ,0.039303  ,0.000000  ,0.000000  ,0.000000  ,0.134344  ,0.100000  ,0.131135  ,43.210739 
0.040000  ,0.218828  ,0.039392  ,0.361380  ,0.000000  ,0.000000  ,0.143747  ,0.100000  ,0.140389  ,0.024109  
0.080000  ,0.240861  ,0.040418  ,0.741780  ,0.000000  ,0.000000  ,-0.028825 ,0.100000  ,-0.033794 ,1.553193  
0.120000  ,0.278009  ,0.043550  ,1.122180  ,0.000000  ,0.000000  ,-0.060393 ,0.100000  ,-0.068597 ,2.986047  
0.160000  ,0.330382  ,0.047089  ,1.502580  ,0.000000  ,0.000000  ,0.050693  ,0.190000  ,0.040546  ,1.603237  
0.200000  ,0.398051  ,0.049429  ,1.882980  ,0.000000  ,0.000000  ,-0.058252 ,0.190000  ,-0.067275 ,0.030571  
0.240000  ,0.480931  ,0.052208  ,2.263380  ,0.000000  ,0.000000  ,-0.104621 ,0.190000  ,-0.113784 ,0.119362  
0.280000  ,0.579020  ,0.055447  ,2.643780  ,0.000000  ,0.000000  ,0.017303  ,0.290000  ,0.008875  ,0.017567  
0.320000  ,0.692369  ,0.056760  ,3.024180  ,0.000000  ,0.000000  ,0.125669  ,0.290000  ,0.121736  ,0.208308  
0.360000  ,0.820944  ,0.056716  ,3.404580  ,0.000000  ,0.000000  ,-0.036918 ,0.390000  ,-0.037424 ,0.127352  
0.400000  ,0.964728  ,0.058006  ,3.784980  ,0.000000  ,0.000000  ,-0.015444 ,0.390000  ,-0.018082 ,0.068081  
0.440000  ,1.123705  ,0.061100  ,4.165380  ,0.000000  ,0.000000  ,-0.030089 ,0.490000  ,-0.035818 ,0.153687  
0.480000  ,1.297894  ,0.064576  ,4.545780  ,0.000000  ,0.000000  ,-0.041276 ,0.580000  ,-0.047183 ,0.162380  
0.520000  ,1.487309  ,0.067561  ,4.926180  ,0.000000  ,0.000000  ,-0.033976 ,0.680000  ,-0.037660 ,0.094416  
0.560000  ,1.691956  ,0.069330  ,5.306580  ,0.000000  ,0.000000  ,-0.002702 ,0.680000  ,-0.003118 ,0.416293  
0.600000  ,1.911826  ,0.069350  ,5.686980  ,0.000000  ,0.000000  ,0.107345  ,0.780000  ,0.110273  ,-0.671476 
0.640000  ,2.146909  ,0.067880  ,6.067380  ,0.000000  ,0.000000  ,0.009834  ,0.870000  ,0.014290  ,-0.647128 
0.680000  ,2.396654  ,0.067020  ,6.409568  ,0.000000  ,0.000000  ,-0.050381 ,0.970000  ,-0.049816 ,0.059360  
0.720000  ,2.658838  ,0.067945  ,6.691168  ,0.000000  ,0.000000  ,0.055334  ,1.170000  ,0.050796  ,0.796282  
0.760000  ,2.931258  ,0.069030  ,6.922908  ,0.000000  ,0.000000  ,-0.262937 ,1.260000  ,-0.266642 ,0.583991  
0.800000  ,3.212098  ,0.070883  ,7.113617  ,0.000000  ,0.000000  ,0.193233  ,1.360000  ,0.190189  ,0.285184  
0.840000  ,3.499869  ,0.073064  ,7.270559  ,0.000000  ,0.000000  ,0.076029  ,1.460000  ,0.073905  ,0.022753  
0.880000  ,3.793342  ,0.075516  ,7.399713  ,0.000000  ,0.000000  ,0.222134  ,1.650000  ,0.219672  ,0.051751  
0.920000  ,4.091474  ,0.080740  ,7.505999  ,0.000000  ,0.000000  ,0.068840  ,1.750000  ,0.059584  ,1.036962  
0.960000  ,4.393295  ,0.092026  ,7.593466  ,0.000000  ,0.000000  ,-0.139185 ,1.840000  ,-0.163180 ,3.176703  
1.000000  ,4.697855  ,0.111993  ,7.665447  ,0.000000  ,0.000000  ,0.072760  ,1.940000  ,0.031698  ,5.360440  
1.040000  ,5.004483  ,0.139202  ,7.724682  ,0.000000  ,0.000000  ,-0.176614 ,2.040000  ,-0.224643 ,5.577049  
1.080000  ,5.312589  ,0.173300  ,7.773430  ,0.000000  ,0.000000  ,0.036557  ,2.230000  ,-0.013169 ,4.422090  
1.120000  ,5.622048  ,0.210887  ,7.812062  ,0.000000  ,0.000000  ,-0.159906 ,2.330000  ,-0.202276 ,2.124302  
1.160000  ,5.932894  ,0.248950  ,7.845338  ,0.000000  ,0.000000  ,0.182943  ,2.430000  ,0.152469  ,0.328473  
1.200000  ,6.245284  ,0.284210  ,7.872723  ,0.000000  ,0.000000  ,0.048419  ,2.520000  ,0.030254  ,2.556280  
1.240000  ,6.559234  ,0.314102  ,7.895258  ,0.000000  ,0.000000  ,-0.110101 ,2.720000  ,-0.116933 ,4.101707  
1.280000  ,6.874434  ,0.339082  ,7.913804  ,0.000000  ,0.000000  ,0.008184  ,2.820000  ,0.005783  ,4.198785  
1.320000  ,7.190816  ,0.356402  ,7.929066  ,0.000000  ,0.000000  ,-0.016374 ,2.910000  ,-0.011274 ,-4.484500 
1.360000  ,7.508096  ,0.365651  ,7.941625  ,0.000000  ,0.000000  ,-0.003430 ,3.010000  ,0.010465  ,-4.987480 
1.400000  ,7.825960  ,0.368049  ,7.951961  ,0.000000  ,0.000000  ,-0.000776 ,3.200000  ,0.017859  ,-4.807708 
1.440000  ,8.144193  ,0.364787  ,7.960467  ,0.000000  ,0.000000  ,-0.005616 ,3.300000  ,0.013153  ,-3.815684 
1.480000  ,8.462666  ,0.357272  ,7.967466  ,0.000000  ,0.000000  ,-0.063581 ,3.400000  ,-0.047309 ,-2.489513 
1.520000  ,8.781318  ,0.347018  ,7.973227  ,0.000000  ,0.000000  ,0.091548  ,3.590000  ,0.104757  ,-1.308960 
1.560000  ,9.100065  ,0.333702  ,7.977967  ,0.000000  ,0.000000  ,-0.060906 ,3.690000  ,-0.046106 ,-1.102512 
1.600000  ,9.418926  ,0.319015  ,7.981868  ,0.000000  ,0.000000  ,0.074209  ,3.790000  ,0.089367  ,-0.920210 
1.640000  ,9.737869  ,0.303082  ,7.985079  ,0.000000  ,0.000000  ,-0.103896 ,3.980000  ,-0.088952 ,-0.763139 
1.680000  ,10.056882 ,0.286237  ,7.987721  ,0.000000  ,0.000000  ,-0.007533 ,4.080000  ,0.010078  ,-0.514750 
1.720000  ,10.375951 ,0.268667  ,7.989895  ,0.000000  ,0.000000  ,0.049960  ,4.170000  ,0.042122  ,-0.389822 
1.760000  ,10.695060 ,0.250371  ,7.991684  ,0.000000  ,0.000000  ,0.034496  ,4.270000  ,0.028307  ,-0.343868 
1.800000  ,11.014294 ,0.233166  ,7.993156  ,0.000000  ,0.000000  ,0.193456  ,4.470000  ,0.204765  ,0.313493  
1.840000  ,11.333652 ,0.217312  ,7.994368  ,0.000000  ,0.000000  ,0.021136  ,4.560000  ,0.028801  ,1.079011  
1.880000  ,11.653219 ,0.205367  ,7.995365  ,0.000000  ,0.000000  ,0.137992  ,4.660000  ,0.136307  ,2.385428  
1.920000  ,11.972982 ,0.198899  ,7.996186  ,0.000000  ,0.000000  ,-0.021408 ,4.760000  ,-0.034268 ,3.757976  
1.960000  ,12.292830 ,0.199800  ,7.996861  ,0.000000  ,0.000000  ,-0.122248 ,4.950000  ,-0.146643 ,5.078502  
2.000000  ,12.612564 ,0.209410  ,7.997417  ,0.000000  ,0.000000  ,-0.054103 ,5.050000  ,-0.099809 ,5.944577  
2.040000  ,12.932126 ,0.224225  ,7.997874  ,0.000000  ,0.000000  ,0.068113  ,5.150000  ,0.028226  ,4.642014  
2.080000  ,13.251627 ,0.240653  ,7.998251  ,0.000000  ,0.000000  ,-0.102794 ,5.340000  ,-0.123149 ,1.432896  
2.120000  ,13.571173 ,0.256437  ,7.998560  ,0.000000  ,0.000000  ,-0.013615 ,5.440000  ,-0.021362 ,1.537734  
2.160000  ,13.890916 ,0.267678  ,7.998815  ,0.000000  ,0.000000  ,-0.042586 ,5.530000  ,-0.051220 ,-3.897677 
2.200000  ,14.210843 ,0.271497  ,7.999025  ,0.000000  ,0.000000  ,0.049231  ,5.630000  ,0.045156  ,-5.506457 
2.240000  ,14.530760 ,0.266703  ,7.999198  ,0.000000  ,0.000000  ,-0.012424 ,5.830000  ,0.021972  ,-6.233965 
2.280000  ,14.850473 ,0.253982  ,7.999340  ,0.000000  ,0.000000  ,0.099621  ,5.920000  ,0.136087  ,-5.702572 
2.320000  ,15.169876 ,0.234911  ,7.999457  ,0.000000  ,0.000000  ,0.126309  ,6.020000  ,0.141665  ,-4.236868 
2.360000  ,15.489116 ,0.213161  ,7.999553  ,0.000000  ,0.000000  ,0.082537  ,6.210000  ,0.102955  ,-1.725733 
2.400000  ,15.808552 ,0.194502  ,7.999632  ,0.000000  ,0.000000  ,0.038793  ,6.310000  ,0.022259  ,1.978903  
2.440000  ,16.128316 ,0.182863  ,7.999697  ,0.000000  ,0.000000  ,-0.125953 ,6.410000  ,-0.168969 ,5.579978  
2.480000  ,16.448286 ,0.180619  ,7.999751  ,0.000000  ,0.000000  ,0.158330  ,6.500000  ,0.108708  ,7.569056  
2.520000  ,16.768233 ,0.185694  ,7.999795  ,0.000000  ,0.000000  ,-0.089465 ,6.700000  ,-0.139087 ,6.529366  
2.560000  ,17.088032 ,0.196679  ,7.999831  ,0.000000  ,0.000000  ,0.027950  ,6.800000  ,-0.021673 ,3.935600  
2.600000  ,17.407744 ,0.210111  ,7.999861  ,0.000000  ,0.000000  ,-0.011445 ,6.990000  ,-0.061067 ,0.913040  
2.640000  ,17.727508 ,0.222262  ,7.999886  ,0.000000  ,0.000000  ,0.076768  ,7.090000  ,0.039608  ,1.714563  
2.680000  ,18.047390 ,0.230637  ,7.999906  ,0.000000  ,0.000000  ,-0.024162 ,7.180000  ,-0.057610 ,-3.462205 
2.720000  ,18.367361 ,0.234614  ,7.999923  ,0.000000  ,0.000000  ,-0.116439 ,7.380000  ,-0.154369 ,-3.796827 
2.760000  ,18.687349 ,0.233459  ,7.999936  ,0.000000  ,0.000000  ,-0.004015 ,7.480000  ,-0.040249 ,-3.540166 
2.800000  ,19.007177 ,0.223428  ,7.999948  ,0.000000  ,0.000000  ,0.037753  ,7.570000  ,0.028296  ,-4.650612 
2.840000  ,19.326610 ,0.204582  ,7.999957  ,0.000000  ,0.000000  ,-0.027777 ,7.770000  ,0.014278  ,-5.970032 
2.880000  ,19.645482 ,0.177836  ,7.999964  ,0.000000  ,0.000000  ,0.028917  ,7.860000  ,0.067332  ,-6.013839 
2.920000  ,19.963690 ,0.144081  ,7.999971  ,0.000000  ,0.000000  ,-0.126472 ,7.960000  ,-0.091344 ,-4.890093 
2.960000  ,20.281431 ,0.106141  ,7.999976  ,0.000000  ,0.000000  ,-0.191417 ,8.060000  ,-0.184458 ,-2.789147 
3.000000  ,20.598714 ,0.064563  ,7.999980  ,0.000000  ,0.000000  ,-0.218928 ,8.250000  ,-0.226952 ,-1.365167 
3.040000  ,20.915034 ,0.016251  ,7.999984  ,0.000000  ,0.000000  ,-0.016329 ,8.350000  ,-0.023419 ,-2.624715 
3.080000  ,21.229264 ,-0.044092 ,7.999987  ,0.000000  ,0.000000  ,-0.012831 ,8.540000  ,0.016138  ,-6.784816 
3.120000  ,21.540096 ,-0.119984 ,7.999989  ,0.000000  ,0.000000  ,-0.150885 ,8.640000  ,0.020388  ,-11.239926
3.160000  ,21.839446 ,-0.209199 ,7.619589  ,0.000000  ,0.000000  ,0.055671  ,8.740000  ,0.431649  ,-15.640014
3.200000  ,22.118979 ,-0.309912 ,7.239189  ,0.000000  ,0.000000  ,0.126810  ,8.830000  ,0.526810  ,-20.560867
3.240000  ,22.377042 ,-0.423370 ,6.858789  ,0.000000  ,0.000000  ,0.119814  ,9.030000  ,0.519814  ,-24.522173
3.280000  ,22.613447 ,-0.546825 ,6.478389  ,0.000000  ,0.000000  ,-0.005364 ,9.130000  ,0.394636  ,-25.486168
3.320000  ,22.829805 ,-0.675067 ,6.097989  ,0.000000  ,0.000000  ,-0.097416 ,9.320000  ,0.302584  ,-21.868210
3.360000  ,23.029195 ,-0.801892 ,5.717589  ,0.000000  ,0.000000  ,-0.123552 ,9.420000  ,0.169379  ,-13.982294
3.400000  ,23.214326 ,-0.922762 ,5.337189  ,0.000000  ,0.000000  ,0.083945  ,9.510000  ,0.087333  ,-4.505912 
3.440000  ,23.401818 ,-1.039918 ,5.717589  ,0.000000  ,0.000000  ,-0.146027 ,9.610000  ,-0.354500 ,2.600741  
3.480000  ,23.593041 ,-1.150883 ,5.337189  ,0.000000  ,0.000000  ,0.199731  ,9.710000  ,-0.200269 ,7.079914  
3.520000  ,23.774054 ,-1.248955 ,4.956789  ,0.000000  ,0.000000  ,-0.118576 ,10.000000 ,-0.518576 ,9.762943  
3.560000  ,23.943466 ,-1.336429 ,4.576389  ,0.000000  ,0.000000  ,0.035207  ,10.100000 ,-0.364793 ,9.071687  
3.600000  ,24.098722 ,-1.418131 ,4.195989  ,0.000000  ,0.000000  ,-0.083714 ,10.100000 ,-0.483714 ,4.818520  
3.640000  ,24.236423 ,-1.499985 ,3.815589  ,0.000000  ,0.000000  ,0.106265  ,10.290000 ,-0.293735 ,-1.971273 
3.680000  ,24.352406 ,-1.586859 ,3.435189  ,0.000000  ,0.000000  ,0.043064  ,10.290000 ,-0.294259 ,-9.374715 
3.720000  ,24.445088 ,-1.680544 ,3.193069  ,0.000000  ,0.000000  ,-0.026126 ,10.390000 ,-0.189080 ,-13.620830
3.760000  ,24.519210 ,-1.789703 ,3.406208  ,0.000000  ,0.000000  ,0.065202  ,10.390000 ,0.012034  ,-9.964820 
3.800000  ,24.583721 ,-1.918230 ,3.786608  ,0.000000  ,0.000000  ,-0.027422 ,10.490000 ,-0.070793 ,-5.235747 
3.840000  ,24.646565 ,-2.064353 ,4.167008  ,0.000000  ,0.000000  ,0.043181  ,10.580000 ,0.001534  ,-2.690648 
3.880000  ,24.711073 ,-2.226261 ,4.547408  ,0.000000  ,0.000000  ,0.034985  ,10.580000 ,-0.005639 ,-1.417604 
3.920000  ,24.779382 ,-2.403026 ,4.927808  ,0.000000  ,0.000000  ,0.000433  ,10.680000 ,-0.048094 ,-0.673956 
3.960000  ,24.852488 ,-2.594247 ,5.308208  ,0.000000  ,0.000000  ,0.038860  ,10.780000 ,-0.020524 ,-0.238459 
4.000000  ,24.930017 ,-2.799742 ,5.662793  ,0.000000  ,0.000000  ,-0.137276 ,10.870000 ,-0.196138 ,-0.203424 
4.040000  ,25.010890 ,-3.017879 ,5.960483  ,0.000000  ,0.000000  ,-0.008659 ,11.070000 ,-0.056047 ,-0.451943 
4.080000  ,25.092984 ,-3.249560 ,6.319974  ,0.000000  ,0.000000  ,0.015269  ,11.070000 ,-0.007214 ,-1.232445 
4.120000  ,25.175034 ,-3.495142 ,6.617437  ,0.000000  ,0.000000  ,-0.023756 ,11.260000 ,0.025866  ,-1.990507 
4.160000  ,25.257664 ,-3.751916 ,6.862232  ,0.000000  ,0.000000  ,-0.023537 ,11.360000 ,0.026085  ,-1.837622 
4.200000  ,25.341622 ,-4.017607 ,7.063684  ,0.000000  ,0.000000  ,-0.106534 ,11.460000 ,0.028844  ,-0.911659 
4.240000  ,25.424559 ,-4.279739 ,6.683284  ,0.000000  ,0.000000  ,0.156002  ,11.650000 ,0.205625  ,0.218745  
4.280000  ,25.508128 ,-4.538725 ,6.916421  ,0.000000  ,0.000000  ,0.072758  ,11.750000 ,0.122380  ,1.112804  
4.320000  ,25.598216 ,-4.804476 ,7.108278  ,0.000000  ,0.000000  ,-0.023105 ,11.940000 ,0.027937  ,2.080629  
4.360000  ,25.697006 ,-5.074115 ,7.246293  ,0.000000  ,0.000000  ,0.129014  ,12.040000 ,0.338705  ,3.538188  
4.400000  ,25.800675 ,-5.336623 ,6.865893  ,0.000000  ,0.000000  ,0.049003  ,12.140000 ,0.260978  ,5.772007  
4.440000  ,25.908188 ,-5.581012 ,6.485493  ,0.000000  ,0.000000  ,-0.142991 ,12.330000 ,0.037582  ,9.861477  
4.480000  ,26.027245 ,-5.802781 ,6.105093  ,0.000000  ,0.000000  ,-0.285708 ,12.430000 ,-0.190604 ,17.414825 
4.520000  ,26.164048 ,-5.999667 ,5.915432  ,0.000000  ,0.000000  ,0.093054  ,12.520000 ,0.118902  ,25.025056 
4.560000  ,26.330242 ,-6.178176 ,6.281049  ,0.000000  ,0.000000  ,-0.050779 ,12.520000 ,-0.043715 ,21.268975 
4.600000  ,26.525577 ,-6.345852 ,6.585405  ,0.000000  ,0.000000  ,-0.129492 ,12.720000 ,-0.102733 ,12.082685 
4.640000  ,26.739601 ,-6.508087 ,6.835871  ,0.000000  ,0.000000  ,0.173700  ,12.820000 ,0.223322  ,5.242515  
4.680000  ,26.963614 ,-6.672178 ,7.041991  ,0.000000  ,0.000000  ,0.100202  ,12.910000 ,0.205036  ,0.665605  
4.720000  ,27.184575 ,-6.834323 ,6.661591  ,0.000000  ,0.000000  ,-0.037810 ,13.010000 ,0.176232  ,-2.118399 
4.760000  ,27.394523 ,-6.985739 ,6.281191  ,0.000000  ,0.000000  ,0.103974  ,13.110000 ,0.330145  ,-2.073512 
4.800000  ,27.595602 ,-7.123295 ,5.900791  ,0.000000  ,0.000000  ,0.005403  ,13.200000 ,0.132757  ,1.711049  
4.840000  ,27.791127 ,-7.241275 ,5.520391  ,0.000000  ,0.000000  ,0.042999  ,13.400000 ,0.077029  ,9.272838  
4.880000  ,27.996972 ,-7.340071 ,5.900791  ,0.000000  ,0.000000  ,0.022300  ,13.500000 ,0.001716  ,12.528136 
4.920000  ,28.224661 ,-7.426343 ,6.268221  ,0.000000  ,0.000000  ,-0.160854 ,13.500000 ,-0.196178 ,9.485125  
4.960000  ,28.469171 ,-7.505605 ,6.574848  ,0.000000  ,0.000000  ,0.114606  ,13.690000 ,0.077633  ,5.182250  
5.000000  ,28.725677 ,-7.583915 ,6.827184  ,0.000000  ,0.000000  ,0.026568  ,13.790000 ,-0.006267 ,1.369151  
5.040000  ,28.990910 ,-7.665056 ,7.034841  ,0.000000  ,0.000000  ,0.217886  ,13.880000 ,0.209737  ,-1.019948 
5.080000  ,29.262934 ,-7.749789 ,7.205731  ,0.000000  ,0.000000  ,0.001092  ,13.980000 ,-0.006115 ,-1.689656 
5.120000  ,29.540999 ,-7.836013 ,7.346364  ,0.000000  ,0.000000  ,-0.053048 ,14.170000 ,-0.081392 ,-0.518594 
5.160000  ,29.824522 ,-7.921877 ,7.462096  ,0.000000  ,0.000000  ,0.103654  ,14.270000 ,0.037730  ,1.149461  
5.200000  ,30.103623 ,-8.007229 ,7.166079  ,0.000000  ,0.000000  ,0.147610  ,14.370000 ,0.097987  ,1.191970  
5.240000  ,30.380503 ,-8.092405 ,7.313732  ,0.000000  ,0.000000  ,-0.060958 ,14.560000 ,-0.110580 ,0.239227  
5.280000  ,30.663208 ,-8.176869 ,7.435242  ,0.000000  ,0.000000  ,-0.062787 ,14.760000 ,-0.254360 ,0.393370  
5.320000  ,30.941034 ,-8.259314 ,7.054842  ,0.000000  ,0.000000  ,-0.066013 ,14.850000 ,-0.115635 ,0.698428  
5.360000  ,31.213866 ,-8.343887 ,7.222190  ,0.000000  ,0.000000  ,-0.228714 ,14.950000 ,-0.278336 ,-0.732116 
5.400000  ,31.490766 ,-8.435682 ,7.359909  ,0.000000  ,0.000000  ,-0.043069 ,15.050000 ,-0.335758 ,-3.088091 
5.440000  ,31.759158 ,-8.536625 ,6.979509  ,0.000000  ,0.000000  ,-0.112169 ,15.240000 ,-0.340714 ,-8.087048 
5.480000  ,32.004685 ,-8.652391 ,6.599109  ,0.000000  ,0.000000  ,-0.059628 ,15.340000 ,-0.109251 ,-18.592991
5.520000  ,32.230048 ,-8.798895 ,6.847149  ,0.000000  ,0.000000  ,0.195439  ,15.440000 ,0.200861  ,-24.656708
5.560000  ,32.437687 ,-8.983549 ,7.051271  ,0.000000  ,0.000000  ,-0.080758 ,15.530000 ,-0.053221 ,-22.492680
5.600000  ,32.626550 ,-9.197507 ,7.219252  ,0.000000  ,0.000000  ,-0.172963 ,15.730000 ,-0.158154 ,-17.566630
5.640000  ,32.800233 ,-9.431686 ,7.357491  ,0.000000  ,0.000000  ,-0.122419 ,15.830000 ,-0.140690 ,-12.179290
5.680000  ,32.961150 ,-9.680840 ,7.471253  ,0.000000  ,0.000000  ,-0.017183 ,15.920000 ,-0.029269 ,-8.577910 
5.720000  ,33.111148 ,-9.941520 ,7.564872  ,0.000000  ,0.000000  ,0.128552  ,16.020000 ,0.119472  ,-7.079885 
5.760000  ,33.253108 ,-10.210531,7.641915  ,0.000000  ,0.000000  ,-0.085474 ,16.210000 ,-0.130340 ,-6.052297 
5.800000  ,33.390056 ,-10.485271,7.705317  ,0.000000  ,0.000000  ,-0.040425 ,16.310000 ,-0.090048 ,-4.266453 
5.840000  ,33.523477 ,-10.764296,7.757494  ,0.000000  ,0.000000  ,-0.180793 ,16.500000 ,-0.305876 ,-2.540848 
5.880000  ,33.647618 ,-11.040348,7.377094  ,0.000000  ,0.000000  ,-0.081085 ,16.600000 ,-0.205029 ,-3.463985 
5.920000  ,33.754390 ,-11.307220,6.996694  ,0.000000  ,0.000000  ,-0.110953 ,16.700000 ,-0.160575 ,-8.731229 
5.960000  ,33.841955 ,-11.576816,7.174338  ,0.000000  ,0.000000  ,0.156164  ,16.890000 ,0.129257  ,-13.148930
6.000000  ,33.909591 ,-11.858726,7.320529  ,0.000000  ,0.000000  ,0.076861  ,16.990000 ,0.053247  ,-13.594943
6.040000  ,33.957739 ,-12.150027,7.440835  ,0.000000  ,0.000000  ,0.079872  ,17.090000 ,0.056865  ,-11.935264
6.080000  ,33.991982 ,-12.447721,7.539840  ,0.000000  ,0.000000  ,0.227367  ,17.280000 ,0.204114  ,-8.473391 
6.120000  ,34.018439 ,-12.749834,7.621316  ,0.000000  ,0.000000  ,0.021704  ,17.380000 ,-0.027919 ,-4.155248 
6.160000  ,34.045181 ,-13.054895,7.688365  ,0.000000  ,0.000000  ,0.023048  ,17.480000 ,-0.164462 ,0.737664  
6.200000  ,34.077246 ,-13.353097,7.307965  ,0.000000  ,0.000000  ,-0.031637 ,17.670000 ,-0.411809 ,6.093139  
6.240000  ,34.114071 ,-13.635410,6.927565  ,0.000000  ,0.000000  ,-0.031668 ,17.770000 ,-0.431668 ,10.428134 
6.280000  ,34.154438 ,-13.901861,6.547165  ,0.000000  ,0.000000  ,0.116009  ,17.860000 ,-0.283991 ,11.528891 
6.320000  ,34.194283 ,-14.152998,6.166765  ,0.000000  ,0.000000  ,0.065396  ,17.960000 ,-0.334604 ,8.176217  
6.360000  ,34.228524 ,-14.389587,5.786365  ,0.000000  ,0.000000  ,-0.122199 ,18.060000 ,-0.522199 ,1.013968  
6.400000  ,34.249430 ,-14.612404,5.405965  ,0.000000  ,0.000000  ,-0.081377 ,18.160000 ,-0.441886 ,-8.782002 
6.440000  ,34.245779 ,-14.820802,5.025565  ,0.000000  ,0.000000  ,0.000920  ,18.250000 ,-0.048703 ,-20.792581
6.480000  ,34.202064 ,-15.024408,5.405965  ,0.000000  ,0.000000  ,0.032955  ,18.350000 ,-0.016668 ,-22.699870
6.520000  ,34.117838 ,-15.231610,5.786365  ,0.000000  ,0.000000  ,0.043131  ,18.450000 ,0.011329  ,-15.861954
6.560000  ,34.004899 ,-15.442227,6.163357  ,0.000000  ,0.000000  ,-0.076991 ,18.540000 ,-0.126614 ,-9.231649 
6.600000  ,33.873339 ,-15.658592,6.488551  ,0.000000  ,0.000000  ,-0.147378 ,18.640000 ,-0.197001 ,-4.543288 
6.640000  ,33.728835 ,-15.880785,6.756167  ,0.000000  ,0.000000  ,0.093054  ,18.740000 ,0.043432  ,-2.350430 
6.680000  ,33.572706 ,-16.106895,6.976399  ,0.000000  ,0.000000  ,-0.059129 ,18.930000 ,-0.108752 ,-2.531047 
6.720000  ,33.406438 ,-16.335637,7.157636  ,0.000000  ,0.000000  ,-0.061161 ,19.030000 ,-0.110783 ,-3.343563 
6.760000  ,33.230097 ,-16.565065,7.306784  ,0.000000  ,0.000000  ,0.045738  ,19.130000 ,-0.003884 ,-4.193864 
6.800000  ,33.043003 ,-16.792871,7.429524  ,0.000000  ,0.000000  ,0.139752  ,19.220000 ,0.090130  ,-5.140185 
6.840000  ,32.846895 ,-17.018917,7.530532  ,0.000000  ,0.000000  ,0.075035  ,19.420000 ,0.025413  ,-5.072204 
6.880000  ,32.645347 ,-17.245074,7.613656  ,0.000000  ,0.000000  ,-0.004836 ,19.510000 ,-0.054458 ,-3.094638 
6.920000  ,32.440098 ,-17.471969,7.682061  ,0.000000  ,0.000000  ,-0.161357 ,19.610000 ,-0.210979 ,-0.803586 
6.960000  ,32.231602 ,-17.699271,7.738355  ,0.000000  ,0.000000  ,0.043126  ,19.710000 ,-0.006496 ,-0.009289 
7.000000  ,32.018802 ,-17.925361,7.784682  ,0.000000  ,0.000000  ,0.005818  ,19.900000 ,-0.043804 ,-1.352427 
7.040000  ,31.800740 ,-18.148740,7.822806  ,0.000000  ,0.000000  ,0.251325  ,20.000000 ,0.201703  ,-3.506631 
7.080000  ,31.577033 ,-18.368444,7.854180  ,0.000000  ,0.000000  ,0.069936  ,20.100000 ,0.020314  ,-4.944642 
7.120000  ,31.348590 ,-18.584888,7.879998  ,0.000000  ,0.000000  ,0.079309  ,20.290000 ,0.023549  ,-4.566057 
7.160000  ,31.119804 ,-18.795394,7.689655  ,0.000000  ,0.000000  ,0.044645  ,20.390000 ,-0.004977 ,-3.506009 
7.200000  ,30.890436 ,-19.002026,7.744604  ,0.000000  ,0.000000  ,-0.333410 ,20.490000 ,-0.454921 ,-2.088098 
7.240000  ,30.664361 ,-19.202526,7.364204  ,0.000000  ,0.000000  ,-0.087351 ,20.580000 ,-0.260153 ,-1.127612 
7.280000  ,30.447094 ,-19.389976,6.983804  ,0.000000  ,0.000000  ,0.053730  ,20.680000 ,-0.176576 ,-1.987485 
7.320000  ,30.234954 ,-19.559758,6.603404  ,0.000000  ,0.000000  ,-0.038209 ,20.870000 ,-0.128094 ,-6.487188 
7.360000  ,30.025598 ,-19.708230,6.249797  ,0.000000  ,0.000000  ,0.127772  ,20.970000 ,0.078150  ,-13.873984
7.400000  ,29.804499 ,-19.837820,6.559686  ,0.000000  ,0.000000  ,0.079653  ,21.070000 ,0.041553  ,-15.394171
7.440000  ,29.563637 ,-19.954425,6.814707  ,0.000000  ,0.000000  ,0.129935  ,21.170000 ,0.080313  ,-10.678325
7.480000  ,29.309363 ,-20.064062,7.024573  ,0.000000  ,0.000000  ,-0.126669 ,21.260000 ,-0.176291 ,-5.160306 
7.520000  ,29.046489 ,-20.172972,7.197281  ,0.000000  ,0.000000  ,0.105747  ,21.460000 ,0.029575  ,-0.730015 
7.560000  ,28.787291 ,-20.279729,6.824765  ,0.000000  ,0.000000  ,0.131285  ,21.550000 ,0.000679  ,1.783729  
7.600000  ,28.542737 ,-20.382783,6.444365  ,0.000000  ,0.000000  ,0.036316  ,21.650000 ,-0.183285 ,3.449291  
7.640000  ,28.313744 ,-20.483500,6.063965  ,0.000000  ,0.000000  ,0.144260  ,21.750000 ,-0.226673 ,4.790283  
7.680000  ,28.099734 ,-20.580461,5.683565  ,0.000000  ,0.000000  ,-0.012830 ,21.940000 ,-0.407875 ,4.923508  
7.720000  ,27.898563 ,-20.668839,5.303165  ,0.000000  ,0.000000  ,0.037012  ,21.940000 ,-0.333462 ,2.105422  
7.760000  ,27.707597 ,-20.741931,4.922765  ,0.000000  ,0.000000  ,0.158917  ,22.040000 ,-0.046857 ,-4.479532 
7.800000  ,27.525489 ,-20.793248,4.542365  ,0.000000  ,0.000000  ,-0.165575 ,22.140000 ,-0.206424 ,-13.487425
7.840000  ,27.338038 ,-20.818378,4.922765  ,0.000000  ,0.000000  ,-0.035541 ,22.230000 ,-0.004959 ,-14.551941
7.880000  ,27.133614 ,-20.820751,5.303165  ,0.000000  ,0.000000  ,0.026930  ,22.230000 ,0.064593  ,-9.762312 
7.920000  ,26.914317 ,-20.807259,5.683565  ,0.000000  ,0.000000  ,-0.000175 ,22.430000 ,0.049170  ,5.610378  
7.960000  ,26.680406 ,-20.785214,6.063965  ,0.000000  ,0.000000  ,0.056144  ,22.520000 ,0.104943  ,2.549831  
8.000000  ,26.432063 ,-20.759963,6.406757  ,0.000000  ,0.000000  ,-0.196133 ,22.520000 ,-0.155518 ,0.373509  
8.040000  ,26.171133 ,-20.735414,6.688855  ,0.000000  ,0.000000  ,-0.075258 ,22.720000 ,-0.059648 ,1.195051  
8.080000  ,25.899780 ,-20.712277,6.921005  ,0.000000  ,0.000000  ,0.027781  ,22.820000 ,0.042340  ,1.626004  
8.120000  ,25.619968 ,-20.689012,7.112051  ,0.000000  ,0.000000  ,-0.070898 ,22.910000 ,-0.053967 ,0.823788  
8.160000  ,25.333143 ,-20.666314,7.269270  ,0.000000  ,0.000000  ,0.002663  ,23.010000 ,0.021570  ,0.209178  
8.200000  ,25.040677 ,-20.642465,7.398652  ,0.000000  ,0.000000  ,-0.038673 ,23.110000 ,-0.016312 ,0.409408  
8.240000  ,24.743553 ,-20.617867,7.505126  ,0.000000  ,0.000000  ,-0.016095 ,23.300000 ,0.007353  ,0.558675  
8.280000  ,24.442678 ,-20.591706,7.592748  ,0.000000  ,0.000000  ,0.084083  ,23.400000 ,0.109259  ,0.668077  
8.320000  ,24.138697 ,-20.564492,7.664856  ,0.000000  ,0.000000  ,0.042551  ,23.500000 ,0.067285  ,0.560075  
8.360000  ,23.831946 ,-20.538912,7.724196  ,0.000000  ,0.000000  ,-0.074252 ,23.590000 ,-0.053149 ,0.593993  
8.400000  ,23.522776 ,-20.516627,7.773029  ,0.000000  ,0.000000  ,-0.359887 ,23.790000 ,-0.359434 ,2.218934  
8.440000  ,23.211605 ,-20.497661,7.813217  ,0.000000  ,0.000000  ,-0.049074 ,23.880000 ,-0.053038 ,2.891515  
8.480000  ,22.898987 ,-20.478425,7.846288  ,0.000000  ,0.000000  ,-0.034706 ,24.080000 ,-0.022762 ,1.155405  
8.520000  ,22.585323 ,-20.456755,7.873504  ,0.000000  ,0.000000  ,0.153219  ,24.170000 ,0.178383  ,1.579130  
8.560000  ,22.270913 ,-20.431794,7.895902  ,0.000000  ,0.000000  ,-0.138050 ,24.270000 ,-0.097332 ,3.291242  
8.600000  ,21.955976 ,-20.403393,7.914333  ,0.000000  ,0.000000  ,0.164789  ,24.370000 ,0.211300  ,3.208457  
8.640000  ,21.640691 ,-20.371600,7.929501  ,0.000000  ,0.000000  ,0.155038  ,24.560000 ,0.191969  ,2.304862  
8.680000  ,21.325045 ,-20.337923,7.941984  ,0.000000  ,0.000000  ,0.024288  ,24.660000 ,0.063723  ,0.967400  
8.720000  ,21.008518 ,-20.308593,7.952256  ,0.000000  ,0.000000  ,-0.020747 ,24.760000 ,0.015622  ,2.132824  
8.760000  ,20.690966 ,-20.287458,7.960709  ,0.000000  ,0.000000  ,0.039063  ,24.850000 ,0.030170  ,5.783717  
8.800000  ,20.372645 ,-20.275149,7.967666  ,0.000000  ,0.000000  ,0.151723  ,25.050000 ,0.129248  ,7.544099  
8.840000  ,20.053840 ,-20.273826,7.973391  ,0.000000  ,0.000000  ,-0.093366 ,25.150000 ,-0.142034 ,7.799755  
8.880000  ,19.735062 ,-20.285816,7.978103  ,0.000000  ,0.000000  ,-0.202658 ,25.240000 ,-0.252281 ,8.188044  
8.920000  ,19.416894 ,-20.311286,7.981980  ,0.000000  ,0.000000  ,0.169471  ,25.440000 ,0.119849  ,8.546458  
8.960000  ,19.099461 ,-20.346117,7.985170  ,0.000000  ,0.000000  ,-0.021341 ,25.530000 ,-0.070963 ,7.029771  
9.000000  ,18.782802 ,-20.388286,7.987796  ,0.000000  ,0.000000  ,-0.039839 ,25.630000 ,-0.089461 ,4.549266  
9.040000  ,18.466647 ,-20.434783,7.989957  ,0.000000  ,0.000000  ,0.097948  ,25.730000 ,0.048325  ,2.019461  
9.080000  ,18.150323 ,-20.480663,7.991735  ,0.000000  ,0.000000  ,0.125425  ,25.920000 ,0.075803  ,-0.796384 
9.120000  ,17.833592 ,-20.524127,7.993198  ,0.000000  ,0.000000  ,0.180554  ,26.020000 ,0.130932  ,-2.708118 
9.160000  ,17.516666 ,-20.566547,7.994403  ,0.000000  ,0.000000  ,-0.096995 ,26.120000 ,-0.146617 ,-2.285426 
9.200000  ,17.199942 ,-20.610758,7.995394  ,0.000000  ,0.000000  ,0.144982  ,26.210000 ,0.095360  ,0.355731  
9.240000  ,16.883723 ,-20.658688,7.996209  ,0.000000  ,0.000000  ,-0.090378 ,26.410000 ,-0.154410 ,3.173736  
9.280000  ,16.576140 ,-20.712354,7.615809  ,0.000000  ,0.000000  ,-0.064560 ,26.500000 ,-0.196547 ,6.573957  
9.320000  ,16.284965 ,-20.770975,7.235409  ,0.000000  ,0.000000  ,0.140869  ,26.600000 ,-0.100988 ,10.065419 
9.360000  ,16.009927 ,-20.832354,6.855009  ,0.000000  ,0.000000  ,0.009181  ,26.800000 ,-0.319957 ,11.134204 
9.400000  ,15.751389 ,-20.897351,6.474609  ,0.000000  ,0.000000  ,0.048909  ,26.890000 ,-0.344014 ,10.267598 
9.440000  ,15.508498 ,-20.962112,6.094209  ,0.000000  ,0.000000  ,0.167768  ,26.990000 ,-0.223558 ,7.161784  
9.480000  ,15.279123 ,-21.018251,5.713809  ,0.000000  ,0.000000  ,0.087519  ,26.990000 ,-0.172355 ,0.305086  
9.520000  ,15.062268 ,-21.060407,5.333409  ,0.000000  ,0.000000  ,0.081257  ,27.090000 ,-0.042328 ,-8.850313 
9.560000  ,14.853920 ,-21.084210,5.176685  ,0.000000  ,0.000000  ,0.043047  ,27.180000 ,0.007070  ,-15.632157
9.600000  ,14.639340 ,-21.085171,5.557085  ,0.000000  ,0.000000  ,0.038035  ,27.280000 ,0.008801  ,-13.446062
9.640000  ,14.410028 ,-21.069208,5.937485  ,0.000000  ,0.000000  ,-0.100371 ,27.380000 ,-0.166721 ,7.090697  
9.680000  ,14.170219 ,-21.044610,6.110770  ,0.000000  ,0.000000  ,-0.066608 ,27.480000 ,-0.116230 ,2.448788  
9.720000  ,13.920624 ,-21.015192,6.445275  ,0.000000  ,0.000000  ,-0.104906 ,27.570000 ,-0.304755 ,0.506243  
9.760000  ,13.672773 ,-20.981022,6.064875  ,0.000000  ,0.000000  ,-0.108094 ,27.670000 ,-0.167905 ,1.541543  
9.800000  ,13.429363 ,-20.938885,6.280988  ,0.000000  ,0.000000  ,-0.136767 ,27.770000 ,-0.345640 ,3.988770  
9.840000  ,13.191529 ,-20.886200,5.900588  ,0.000000  ,0.000000  ,-0.066624 ,27.860000 ,-0.116246 ,8.004820  
9.880000  ,12.958463 ,-20.815859,6.268037  ,0.000000  ,0.000000  ,0.056880  ,27.960000 ,-0.061108 ,10.181071 
9.920000  ,12.732346 ,-20.726729,5.887637  ,0.000000  ,0.000000  ,0.106128  ,28.060000 ,0.067529  ,13.238515 
9.960000  ,12.514751 ,-20.618680,6.256289  ,0.000000  ,0.000000  ,-0.040589 ,28.160000 ,-0.068984 ,12.945146 
10.000000 ,12.292562 ,-20.490333,6.565029  ,0.000000  ,0.000000  ,0.001889  ,28.250000 ,-0.047734 ,7.512699  
10.040000 ,12.064947 ,-20.349177,6.819103  ,0.000000  ,0.000000  ,-0.046355 ,28.350000 ,-0.096871 ,2.777491  
10.080000 ,11.832198 ,-20.199335,7.015590  ,0.000000  ,0.000000  ,0.143451  ,28.450000 ,0.043198  ,0.635822  
10.120000 ,11.604870 ,-20.048147,6.635190  ,0.000000  ,0.000000  ,0.264537  ,28.640000 ,-0.135463 ,1.201851  
10.160000 ,11.391841 ,-19.902962,6.254790  ,0.000000  ,0.000000  ,-0.015609 ,28.740000 ,-0.415609 ,2.765754  
10.200000 ,11.194328 ,-19.762149,5.874390  ,0.000000  ,0.000000  ,0.178504  ,28.830000 ,-0.221496 ,4.997925  
10.240000 ,11.016836 ,-19.620129,5.493990  ,0.000000  ,0.000000  ,0.024279  ,28.930000 ,-0.375721 ,9.681544  
10.280000 ,10.863653 ,-19.473506,5.113590  ,0.000000  ,0.000000  ,-0.052221 ,29.030000 ,-0.319551 ,16.842121 
10.320000 ,10.742610 ,-19.318493,4.733190  ,0.000000  ,0.000000  ,0.211130  ,29.130000 ,0.142327  ,26.029344 
10.360000 ,10.657595 ,-19.141516,5.095223  ,0.000000  ,0.000000  ,0.023469  ,29.130000 ,0.035091  ,24.038001 
10.400000 ,10.600267 ,-18.938165,5.475623  ,0.000000  ,0.000000  ,0.035412  ,29.220000 ,0.059020  ,14.505560 
10.440000 ,10.557859 ,-18.715562,5.856023  ,0.000000  ,0.000000  ,0.040616  ,29.320000 ,0.000782  ,6.708725  
10.480000 ,10.519177 ,-18.476894,6.227610  ,0.000000  ,0.000000  ,0.030411  ,29.420000 ,-0.136289 ,1.586950  
10.520000 ,10.481676 ,-18.238327,5.847210  ,0.000000  ,0.000000  ,-0.032237 ,29.610000 ,-0.081859 ,1.094466  
10.560000 ,10.444194 ,-17.999816,6.219615  ,0.000000  ,0.000000  ,0.036537  ,29.710000 ,-0.013085 ,1.342109  
10.600000 ,10.405242 ,-17.747524,6.534848  ,0.000000  ,0.000000  ,-0.142938 ,29.810000 ,-0.499267 ,0.037334  
10.640000 ,10.368214 ,-17.496456,6.154448  ,0.000000  ,0.000000  ,-0.043992 ,29.900000 ,-0.135341 ,1.520151  
10.680000 ,10.338869 ,-17.255473,6.003982  ,0.000000  ,0.000000  ,0.154973  ,30.000000 ,-0.243744 ,4.000199  
10.720000 ,10.320281 ,-17.023689,5.623582  ,0.000000  ,0.000000  ,0.102994  ,30.100000 ,0.036593  ,7.691186  
10.760000 ,10.317496 ,-16.794119,5.851986  ,0.000000  ,0.000000  ,0.049490  ,30.190000 ,-0.239273 ,9.611622  
10.800000 ,10.331943 ,-16.568160,5.471586  ,0.000000  ,0.000000  ,0.089331  ,30.290000 ,0.039709  ,11.993589 
10.840000 ,10.366875 ,-16.344492,5.851986  ,0.000000  ,0.000000  ,0.038709  ,30.390000 ,-0.168413 ,11.705839 
10.880000 ,10.420993 ,-16.124643,5.471586  ,0.000000  ,0.000000  ,-0.114236 ,30.490000 ,-0.272642 ,12.017702 
10.920000 ,10.489617 ,-15.924944,5.091186  ,0.000000  ,0.000000  ,-0.074514 ,30.580000 ,-0.124136 ,16.478331 
10.960000 ,10.583925 ,-15.736105,5.471586  ,0.000000  ,0.000000  ,0.094449  ,30.680000 ,0.055062  ,15.513960 
11.000000 ,10.707332 ,-15.546292,5.851986  ,0.000000  ,0.000000  ,-0.012107 ,30.780000 ,-0.061729 ,10.013933 
11.040000 ,10.851198 ,-15.352186,6.223948  ,0.000000  ,0.000000  ,0.238075  ,30.870000 ,0.188452  ,5.240124  
11.080000 ,11.009160 ,-15.151450,6.538414  ,0.000000  ,0.000000  ,-0.020424 ,30.970000 ,-0.083602 ,2.181195  
11.120000 ,11.173488 ,-14.945414,6.635754  ,0.000000  ,0.000000  ,0.007969  ,31.070000 ,-0.088281 ,0.208398  
11.160000 ,11.334379 ,-14.743954,6.255354  ,0.000000  ,0.000000  ,-0.253719 ,31.170000 ,-0.391830 ,0.785860  
11.200000 ,11.488279 ,-14.556415,5.874954  ,0.000000  ,0.000000  ,0.028167  ,31.360000 ,-0.120451 ,0.263896  
11.240000 ,11.638301 ,-14.385565,5.494554  ,0.000000  ,0.000000  ,0.030892  ,31.460000 ,-0.018730 ,4.227867  
11.280000 ,11.797027 ,-14.222775,5.874954  ,0.000000  ,0.000000  ,0.048409  ,31.550000 ,-0.023019 ,6.451215  
11.320000 ,11.970277 ,-14.059785,6.014852  ,0.000000  ,0.000000  ,-0.216412 ,31.650000 ,-0.305935 ,5.655504  
11.360000 ,12.150375 ,-13.901523,5.978198  ,0.000000  ,0.000000  ,-0.030364 ,31.750000 ,-0.127366 ,4.718232  
11.400000 ,12.333822 ,-13.753506,5.828311  ,0.000000  ,0.000000  ,0.156991  ,31.840000 ,0.062571  ,5.447279  
11.440000 ,12.521841 ,-13.616471,5.808372  ,0.000000  ,0.000000  ,0.157538  ,31.940000 ,0.091288  ,6.794427  
11.480000 ,12.718658 ,-13.485549,6.005443  ,0.000000  ,0.000000  ,-0.178209 ,32.040000 ,-0.252509 ,6.116622  
11.520000 ,12.923181 ,-13.355913,6.099117  ,0.000000  ,0.000000  ,-0.082544 ,32.140000 ,-0.220886 ,3.513294  
11.560000 ,13.124916 ,-13.232768,5.718717  ,0.000000  ,0.000000  ,-0.202432 ,32.230000 ,-0.383684 ,1.924592  
11.600000 ,13.317387 ,-13.123913,5.338317  ,0.000000  ,0.000000  ,-0.038193 ,32.330000 ,-0.233093 ,3.414536  
11.640000 ,13.502722 ,-13.034291,4.957917  ,0.000000  ,0.000000  ,0.026577  ,32.330000 ,-0.061648 ,8.584385  
11.680000 ,13.692126 ,-12.964058,5.141438  ,0.000000  ,0.000000  ,-0.059302 ,32.430000 ,-0.099676 ,11.377972 
11.720000 ,13.898100 ,-12.908970,5.521838  ,0.000000  ,0.000000  ,0.042890  ,32.520000 ,0.015846  ,9.018943  
11.760000 ,14.121949 ,-12.863295,5.902238  ,0.000000  ,0.000000  ,-0.175792 ,32.620000 ,-0.203940 ,5.363500  
11.800000 ,14.361974 ,-12.821799,6.269535  ,0.000000  ,0.000000  ,0.066555  ,32.820000 ,0.032809  ,2.411217  
11.840000 ,14.615925 ,-12.781728,6.575929  ,0.000000  ,0.000000  ,-0.138335 ,32.820000 ,-0.174993 ,0.947616  
11.880000 ,14.881216 ,-12.742107,6.828073  ,0.000000  ,0.000000  ,-0.022203 ,33.010000 ,-0.078384 ,0.497919  
11.920000 ,15.154136 ,-12.703498,6.950176  ,0.000000  ,0.000000  ,0.113560  ,33.110000 ,0.060427  ,0.843471  
11.960000 ,15.432775 ,-12.668310,7.088382  ,0.000000  ,0.000000  ,-0.001762 ,33.200000 ,-0.033512 ,1.916816  
12.000000 ,15.717852 ,-12.636370,7.249792  ,0.000000  ,0.000000  ,-0.141390 ,33.300000 ,-0.163630 ,2.513721  
12.040000 ,16.009187 ,-12.607870,7.382623  ,0.000000  ,0.000000  ,-0.128753 ,33.400000 ,-0.157395 ,2.509201  
12.080000 ,16.305910 ,-12.585743,7.491935  ,0.000000  ,0.000000  ,0.004212  ,33.500000 ,-0.017432 ,3.309666  
12.120000 ,16.607159 ,-12.573066,7.581893  ,0.000000  ,0.000000  ,-0.038616 ,33.690000 ,-0.027692 ,-5.184047 
12.160000 ,16.911938 ,-12.570662,7.655922  ,0.000000  ,0.000000  ,-0.027764 ,33.790000 ,-0.000704 ,-6.617153 
12.200000 ,17.219333 ,-12.577897,7.716844  ,0.000000  ,0.000000  ,-0.253653 ,33.880000 ,-0.220563 ,-6.587931 
12.240000 ,17.528627 ,-12.593734,7.766979  ,0.000000  ,0.000000  ,-0.193609 ,33.980000 ,-0.148502 ,-5.411988 
12.280000 ,17.839166 ,-12.618374,7.808238  ,0.000000  ,0.000000  ,-0.005816 ,34.170000 ,0.043806  ,-4.659779 
12.320000 ,18.150100 ,-12.654373,7.842191  ,0.000000  ,0.000000  ,-0.052761 ,34.270000 ,-0.003139 ,-5.718805 
12.360000 ,18.460787 ,-12.701560,7.870133  ,0.000000  ,0.000000  ,-0.182120 ,34.370000 ,-0.132498 ,-7.072018 
12.400000 ,18.770938 ,-12.758129,7.893127  ,0.000000  ,0.000000  ,-0.036818 ,34.470000 ,0.012804  ,-6.899358 
12.440000 ,19.079852 ,-12.825135,7.912050  ,0.000000  ,0.000000  ,0.077951  ,34.660000 ,0.127573  ,-6.374373 
12.480000 ,19.387295 ,-12.901546,7.927622  ,0.000000  ,0.000000  ,-0.165669 ,34.760000 ,-0.094601 ,-5.715124 
12.520000 ,19.686865 ,-12.979303,7.547222  ,0.000000  ,0.000000  ,0.056538  ,34.850000 ,0.134098  ,-3.872300 
12.560000 ,19.971466 ,-13.054160,7.166822  ,0.000000  ,0.000000  ,0.048688  ,34.950000 ,0.123523  ,-1.510653 
12.600000 ,20.242060 ,-13.123248,6.816338  ,0.000000  ,0.000000  ,-0.030737 ,35.050000 ,0.026138  ,1.643464  
12.640000 ,20.510278 ,-13.184091,6.932353  ,0.000000  ,0.000000  ,-0.091988 ,35.150000 ,-0.042366 ,4.836169  
12.680000 ,20.786388 ,-13.237242,7.121390  ,0.000000  ,0.000000  ,-0.131750 ,35.240000 ,-0.082127 ,5.910912  
12.720000 ,21.070507 ,-13.284712,7.276955  ,0.000000  ,0.000000  ,-0.002558 ,35.340000 ,0.047065  ,4.589943  
12.760000 ,21.360703 ,-13.330049,7.404977  ,0.000000  ,0.000000  ,0.186968  ,35.530000 ,0.236590  ,1.830596  
12.800000 ,21.655631 ,-13.375237,7.510331  ,0.000000  ,0.000000  ,-0.042977 ,35.630000 ,0.081160  ,-0.374298 
12.840000 ,21.945545 ,-13.416256,7.129931  ,0.000000  ,0.000000  ,0.082251  ,35.730000 ,0.167064  ,0.131020  
12.880000 ,22.220980 ,-13.450734,6.749531  ,0.000000  ,0.000000  ,-0.041899 ,35.830000 ,0.026149  ,2.813438  
12.920000 ,22.490095 ,-13.475492,6.763619  ,0.000000  ,0.000000  ,0.034021  ,35.920000 ,0.154730  ,6.155162  
12.960000 ,22.752653 ,-13.489309,6.383219  ,0.000000  ,0.000000  ,-0.107775 ,36.020000 ,-0.058152 ,9.541785  
13.000000 ,23.013829 ,-13.488297,6.669485  ,0.000000  ,0.000000  ,0.005195  ,36.120000 ,0.054817  ,10.148375 
13.040000 ,23.284927 ,-13.471638,6.905064  ,0.000000  ,0.000000  ,0.012086  ,36.210000 ,0.118413  ,7.581617  
13.080000 ,23.551990 ,-13.443219,6.524664  ,0.000000  ,0.000000  ,-0.068890 ,36.310000 ,0.057438  ,7.235655  
13.120000 ,23.802107 ,-13.402927,6.144264  ,0.000000  ,0.000000  ,0.061855  ,36.410000 ,0.111478  ,10.814630 
13.160000 ,24.048049 ,-13.345821,6.472839  ,0.000000  ,0.000000  ,-0.090649 ,36.500000 ,-0.041027 ,11.260058 
13.200000 ,24.301214 ,-13.269381,6.743236  ,0.000000  ,0.000000  ,0.031066  ,36.600000 ,0.100513  ,8.034247  
13.240000 ,24.556213 ,-13.181304,6.746164  ,0.000000  ,0.000000  ,0.117879  ,36.800000 ,0.354352  ,5.117353  
13.280000 ,24.801429 ,-13.088403,6.365764  ,0.000000  ,0.000000  ,-0.112939 ,36.890000 ,0.208675  ,4.576901  
13.320000 ,25.027894 ,-12.989840,5.985364  ,0.000000  ,0.000000  ,-0.116546 ,36.990000 ,0.214727  ,8.002429  
13.360000 ,25.233104 ,-12.882194,5.604964  ,0.000000  ,0.000000  ,0.205453  ,37.090000 ,0.323204  ,14.730279 
13.400000 ,25.413962 ,-12.759425,5.364712  ,0.000000  ,0.000000  ,-0.031464 ,37.180000 ,0.058558  ,22.114928 
13.440000 ,25.569891 ,-12.609452,5.465501  ,0.000000  ,0.000000  ,-0.139963 ,37.280000 ,-0.084762 ,23.430759 
13.480000 ,25.703977 ,-12.427587,5.834742  ,0.000000  ,0.000000  ,-0.136397 ,37.380000 ,-0.063816 ,17.555777 
13.520000 ,25.822468 ,-12.223308,5.972312  ,0.000000  ,0.000000  ,-0.014591 ,37.480000 ,0.128241  ,11.250287 
13.560000 ,25.926248 ,-12.016634,5.591912  ,0.000000  ,0.000000  ,-0.035536 ,37.670000 ,0.331393  ,8.577509  
13.600000 ,26.013359 ,-11.818942,5.211512  ,0.000000  ,0.000000  ,0.053990  ,37.770000 ,0.445593  ,9.057843  
13.640000 ,26.079476 ,-11.629372,4.831112  ,0.000000  ,0.000000  ,-0.087070 ,37.860000 ,-0.004547 ,12.420420 
13.680000 ,26.121025 ,-11.435697,5.073316  ,0.000000  ,0.000000  ,-0.075627 ,37.960000 ,0.324373  ,13.178504 
13.720000 ,26.137714 ,-11.241206,4.692916  ,0.000000  ,0.000000  ,-0.021415 ,38.060000 ,0.028207  ,15.370982 
13.760000 ,26.126452 ,-11.046388,5.073316  ,0.000000  ,0.000000  ,0.088854  ,38.160000 ,0.205757  ,14.276709 
13.800000 ,26.089049 ,-10.846558,5.096169  ,0.000000  ,0.000000  ,0.032595  ,38.250000 ,0.136904  ,11.597869 
13.840000 ,26.030772 ,-10.649728,5.169455  ,0.000000  ,0.000000  ,-0.046459 ,38.350000 ,0.042175  ,10.399468 
13.880000 ,25.954105 ,-10.454559,5.313053  ,0.000000  ,0.000000  ,0.118982  ,38.450000 ,0.195598  ,8.834128  
13.920000 ,25.862277 ,-10.258398,5.511632  ,0.000000  ,0.000000  ,-0.095787 ,38.540000 ,-0.008934 ,6.553810  
13.960000 ,25.758200 ,-10.061878,5.605505  ,0.000000  ,0.000000  ,0.098049  ,38.640000 ,0.181142  ,4.986435  
14.000000 ,25.644413 ,-9.866268 ,5.706806  ,0.000000  ,0.000000  ,0.110525  ,38.740000 ,0.210257  ,4.160567  
14.040000 ,25.522803 ,-9.674190 ,5.666421  ,0.000000  ,0.000000  ,0.109098  ,38.830000 ,0.222442  ,4.405387  
14.080000 ,25.393721 ,-9.493956 ,5.448544  ,0.000000  ,0.000000  ,-0.043139 ,38.930000 ,0.029832  ,7.039508  
14.120000 ,25.251105 ,-9.323742 ,5.651346  ,0.000000  ,0.000000  ,0.046073  ,39.030000 ,0.095695  ,8.870997  
14.160000 ,25.088910 ,-9.155591 ,6.031746  ,0.000000  ,0.000000  ,0.019322  ,39.130000 ,0.068945  ,7.501799  
14.200000 ,24.907950 ,-8.985373 ,6.380243  ,0.000000  ,0.000000  ,-0.207043 ,39.220000 ,-0.162708 ,4.899513  
14.240000 ,24.712409 ,-8.812329 ,6.667035  ,0.000000  ,0.000000  ,-0.007952 ,39.320000 ,0.031905  ,2.911421  
14.280000 ,24.506352 ,-8.635476 ,6.903049  ,0.000000  ,0.000000  ,0.026430  ,39.420000 ,0.074532  ,1.485053  
14.320000 ,24.292330 ,-8.454744 ,7.097274  ,0.000000  ,0.000000  ,0.157365  ,39.510000 ,0.246237  ,0.719427  
14.360000 ,24.078928 ,-8.279275 ,6.716874  ,0.000000  ,0.000000  ,-0.192856 ,39.610000 ,-0.120650 ,1.578219  
14.400000 ,23.867205 ,-8.115745 ,6.666747  ,0.000000  ,0.000000  ,-0.163349 ,39.710000 ,-0.131381 ,4.508933  
14.440000 ,23.645652 ,-7.958787 ,6.902812  ,0.000000  ,0.000000  ,-0.204132 ,39.810000 ,-0.170650 ,6.470792  
14.480000 ,23.411867 ,-7.804496 ,7.097079  ,0.000000  ,0.000000  ,-0.051175 ,39.900000 ,-0.042695 ,5.659874  
14.520000 ,23.170104 ,-7.649508 ,7.256949  ,0.000000  ,0.000000  ,0.148606  ,40.100000 ,0.191205  ,2.535508  
14.560000 ,22.923670 ,-7.491037 ,7.388513  ,0.000000  ,0.000000  ,0.015458  ,40.190000 ,0.068145  ,0.809177  
14.600000 ,22.674241 ,-7.329977 ,7.454894  ,0.000000  ,0.000000  ,0.071116  ,40.290000 ,0.120739  ,1.998533  
14.640000 ,22.422036 ,-7.167179 ,7.551410  ,0.000000  ,0.000000  ,0.028559  ,40.390000 ,0.078181  ,0.987357  
14.680000 ,22.165184 ,-7.005147 ,7.630836  ,0.000000  ,0.000000  ,0.171938  ,40.580000 ,0.221560  ,1.518917  
14.720000 ,21.902936 ,-6.846359 ,7.696200  ,0.000000  ,0.000000  ,0.107449  ,40.680000 ,0.142926  ,3.974953  
14.760000 ,21.633332 ,-6.695522 ,7.749991  ,0.000000  ,0.000000  ,-0.133486 ,40.870000 ,-0.119035 ,6.637483  
14.800000 ,21.355297 ,-6.556439 ,7.794257  ,0.000000  ,0.000000  ,-0.156337 ,40.970000 ,-0.167062 ,9.174837  
14.840000 ,21.069517 ,-6.430015 ,7.830686  ,0.000000  ,0.000000  ,0.020050  ,41.070000 ,-0.021933 ,10.174997 
14.880000 ,20.778033 ,-6.313702 ,7.860664  ,0.000000  ,0.000000  ,0.136847  ,41.260000 ,0.106717  ,8.433212  
14.920000 ,20.482350 ,-6.205302 ,7.885335  ,0.000000  ,0.000000  ,-0.013629 ,41.360000 ,-0.050986 ,5.375474  
14.960000 ,20.183274 ,-6.103820 ,7.905637  ,0.000000  ,0.000000  ,0.114258  ,41.460000 ,0.093394  ,3.332858  
15.000000 ,19.881930 ,-6.006828 ,7.922345  ,0.000000  ,0.000000  ,0.114964  ,41.650000 ,0.093023  ,2.225857  
15.040000 ,19.578840 ,-5.913366 ,7.936095  ,0.000000  ,0.000000  ,0.122752  ,41.750000 ,0.100588  ,1.934393  
15.080000 ,19.273503 ,-5.825707 ,7.947410  ,0.000000  ,0.000000  ,-0.031458 ,41.840000 ,-0.081080 ,3.068544  
15.120000 ,18.965748 ,-5.745322 ,7.956721  ,0.000000  ,0.000000  ,0.265723  ,42.040000 ,0.184267  ,4.879428  
15.160000 ,18.663596 ,-5.673130 ,7.576321  ,0.000000  ,0.000000  ,0.067721  ,42.140000 ,-0.044113 ,6.624867  
15.200000 ,18.374393 ,-5.612818 ,7.195921  ,0.000000  ,0.000000  ,-0.099570 ,42.230000 ,-0.308469 ,9.295453  
15.240000 ,18.098097 ,-5.566121 ,6.815521  ,0.000000  ,0.000000  ,0.156555  ,42.330000 ,-0.243445 ,12.366046 
15.280000 ,17.835565 ,-5.529998 ,6.435121  ,0.000000  ,0.000000  ,-0.043196 ,42.430000 ,-0.443196 ,13.319214 
15.320000 ,17.587538 ,-5.500322 ,6.054721  ,0.000000  ,0.000000  ,0.171110  ,42.620000 ,-0.228890 ,10.473786 
15.360000 ,17.354783 ,-5.471162 ,5.674321  ,0.000000  ,0.000000  ,-0.026612 ,42.720000 ,-0.346426 ,3.734495  
15.400000 ,17.138153 ,-5.436747 ,5.293921  ,0.000000  ,0.000000  ,0.248767  ,42.820000 ,0.193240  ,5.143131  
15.440000 ,16.924909 ,-5.385691 ,5.673497  ,0.000000  ,0.000000  ,-0.063827 ,42.910000 ,-0.046129 ,9.732042  
15.480000 ,16.702758 ,-5.310639 ,6.053897  ,0.000000  ,0.000000  ,0.038106  ,43.010000 ,0.087728  ,9.086177  
15.520000 ,16.472354 ,-5.215617 ,6.398472  ,0.000000  ,0.000000  ,-0.020133 ,43.110000 ,0.029490  ,6.789175  
15.560000 ,16.234190 ,-5.106966 ,6.682037  ,0.000000  ,0.000000  ,0.022432  ,43.300000 ,0.072055  ,4.035355  
15.600000 ,15.988256 ,-4.990563 ,6.915394  ,0.000000  ,0.000000  ,0.060474  ,43.400000 ,0.110097  ,1.411227  
15.640000 ,15.734410 ,-4.871052 ,7.107433  ,0.000000  ,0.000000  ,0.246596  ,43.500000 ,0.296218  ,0.814021  
15.680000 ,15.472358 ,-4.752674 ,7.265470  ,0.000000  ,0.000000  ,-0.023155 ,43.690000 ,0.026467  ,2.734202  
15.720000 ,15.201580 ,-4.640012 ,7.395525  ,0.000000  ,0.000000  ,0.024935  ,43.790000 ,0.074557  ,4.892020  
15.760000 ,14.922243 ,-4.536183 ,7.502553  ,0.000000  ,0.000000  ,-0.127096 ,43.880000 ,-0.077473 ,6.736296  
15.800000 ,14.635499 ,-4.441732 ,7.590630  ,0.000000  ,0.000000  ,0.150075  ,43.980000 ,0.199698  ,7.327945  
15.840000 ,14.342686 ,-4.355988 ,7.663113  ,0.000000  ,0.000000  ,0.014943  ,44.170000 ,0.064565  ,6.437834  
15.880000 ,14.044923 ,-4.278259 ,7.722762  ,0.000000  ,0.000000  ,-0.076747 ,44.270000 ,-0.027125 ,5.171163  
15.920000 ,13.742889 ,-4.208823 ,7.771849  ,0.000000  ,0.000000  ,-0.054060 ,44.370000 ,-0.041910 ,4.646141  
15.960000 ,13.437685 ,-4.145506 ,7.812245  ,0.000000  ,0.000000  ,0.093014  ,44.470000 ,0.142637  ,4.016944  
16.000000 ,13.130221 ,-4.085980 ,7.845489  ,0.000000  ,0.000000  ,-0.043176 ,44.660000 ,0.006446  ,2.720182  
16.040000 ,12.820784 ,-4.030448 ,7.872847  ,0.000000  ,0.000000  ,-0.117574 ,44.760000 ,-0.067952 ,1.958365  
16.080000 ,12.509763 ,-3.978211 ,7.895360  ,0.000000  ,0.000000  ,0.006145  ,44.850000 ,0.064871  ,1.747675  
16.120000 ,12.204873 ,-3.927712 ,7.590327  ,0.000000  ,0.000000  ,-0.066513 ,45.050000 ,-0.001464 ,1.102449  
16.160000 ,11.912068 ,-3.881678 ,7.257312  ,0.000000  ,0.000000  ,-0.129436 ,45.150000 ,-0.036381 ,1.240684  
16.200000 ,11.632428 ,-3.840305 ,6.876912  ,0.000000  ,0.000000  ,-0.111144 ,45.240000 ,0.022996  ,2.101596  
16.240000 ,11.367654 ,-3.802443 ,6.496512  ,0.000000  ,0.000000  ,-0.093194 ,45.340000 ,0.096393  ,2.575122  
16.280000 ,11.117461 ,-3.770309 ,6.116112  ,0.000000  ,0.000000  ,-0.073646 ,45.440000 ,0.124048  ,3.330748  
16.320000 ,10.881568 ,-3.747213 ,5.735712  ,0.000000  ,0.000000  ,0.107189  ,45.530000 ,0.156914  ,5.595115  
16.360000 ,10.644844 ,-3.735745 ,6.114721  ,0.000000  ,0.000000  ,-0.005646 ,45.630000 ,0.174413  ,6.415228  
16.400000 ,10.407912 ,-3.737826 ,5.734321  ,0.000000  ,0.000000  ,0.095359  ,45.730000 ,0.246616  ,8.347512  
16.440000 ,10.186905 ,-3.755376 ,5.353921  ,0.000000  ,0.000000  ,-0.118726 ,45.830000 ,-0.069103 ,13.559652 
16.480000 ,9.969152  ,-3.796659 ,5.734321  ,0.000000  ,0.000000  ,0.191677  ,45.920000 ,0.226205  ,13.864648 
16.520000 ,9.741871  ,-3.863535 ,6.113788  ,0.000000  ,0.000000  ,0.148933  ,45.920000 ,0.168221  ,9.483408  
16.560000 ,9.505968  ,-3.950437 ,6.447758  ,0.000000  ,0.000000  ,-0.062276 ,46.120000 ,0.024521  ,6.046776  
16.600000 ,9.273769  ,-4.050087 ,6.217505  ,0.000000  ,0.000000  ,0.021637  ,46.210000 ,0.111647  ,6.287877  
16.640000 ,9.053119  ,-4.156649 ,6.056125  ,0.000000  ,0.000000  ,0.124310  ,46.310000 ,0.207491  ,8.030351  
16.680000 ,8.840480  ,-4.273518 ,6.077065  ,0.000000  ,0.000000  ,0.099958  ,46.410000 ,0.149580  ,8.679188  
16.720000 ,8.629348  ,-4.407507 ,6.417538  ,0.000000  ,0.000000  ,0.106936  ,46.500000 ,0.206093  ,7.513635  
16.760000 ,8.427636  ,-4.553614 ,6.040971  ,0.000000  ,0.000000  ,-0.081058 ,46.600000 ,0.042372  ,8.973831  
16.800000 ,8.249089  ,-4.704800 ,5.660571  ,0.000000  ,0.000000  ,0.006849  ,46.700000 ,0.062855  ,14.791991 
16.840000 ,8.087468  ,-4.872815 ,5.991471  ,0.000000  ,0.000000  ,0.033843  ,46.890000 ,0.083465  ,15.264954 
16.880000 ,7.932551  ,-5.065099 ,6.346748  ,0.000000  ,0.000000  ,0.047513  ,46.990000 ,0.097135  ,9.776468  
16.920000 ,7.780368  ,-5.275767 ,6.639471  ,0.000000  ,0.000000  ,0.037057  ,47.090000 ,0.120931  ,4.872553  
16.960000 ,7.636416  ,-5.491367 ,6.359741  ,0.000000  ,0.000000  ,0.055928  ,47.180000 ,0.151907  ,3.748559  
17.000000 ,7.507649  ,-5.702294 ,6.023679  ,0.000000  ,0.000000  ,-0.227826 ,47.380000 ,-0.156524 ,6.289652  
17.040000 ,7.392913  ,-5.916807 ,6.138285  ,0.000000  ,0.000000  ,0.009000  ,47.480000 ,0.058623  ,8.665343  
17.080000 ,7.286742  ,-6.145679 ,6.467918  ,0.000000  ,0.000000  ,-0.028670 ,47.570000 ,0.031299  ,7.570767  
17.120000 ,7.187182  ,-6.387646 ,6.610969  ,0.000000  ,0.000000  ,-0.245047 ,47.670000 ,-0.176370 ,5.473573  
17.160000 ,7.093938  ,-6.635820 ,6.644019  ,0.000000  ,0.000000  ,-0.068320 ,47.860000 ,0.015816  ,4.034410  
17.200000 ,7.005544  ,-6.879568 ,6.356719  ,0.000000  ,0.000000  ,0.145606  ,47.960000 ,0.231968  ,2.603635  
17.240000 ,6.921787  ,-7.115579 ,6.187063  ,0.000000  ,0.000000  ,0.131551  ,48.060000 ,0.256057  ,1.315310  
17.280000 ,6.846955  ,-7.343468 ,5.806663  ,0.000000  ,0.000000  ,-0.165265 ,48.160000 ,-0.037772 ,2.298883  
17.320000 ,6.788019  ,-7.560214 ,5.426263  ,0.000000  ,0.000000  ,-0.123334 ,48.250000 ,-0.137141 ,7.130405  
17.360000 ,6.745598  ,-7.780775 ,5.806663  ,0.000000  ,0.000000  ,0.051694  ,48.350000 ,0.000756  ,9.339518  
17.400000 ,6.715060  ,-8.018550 ,6.172902  ,0.000000  ,0.000000  ,-0.073374 ,48.450000 ,-0.137807 ,6.863241  
17.440000 ,6.691918  ,-8.267472 ,6.322647  ,0.000000  ,0.000000  ,-0.045563 ,48.540000 ,-0.121350 ,3.914269  
17.480000 ,6.671412  ,-8.520084 ,6.348705  ,0.000000  ,0.000000  ,0.073370  ,48.640000 ,0.005571  ,1.287750  
17.520000 ,6.648110  ,-8.774765 ,6.435995  ,0.000000  ,0.000000  ,0.023796  ,48.830000 ,-0.045229 ,-1.390484 
17.560000 ,6.621058  ,-9.032041 ,6.496983  ,0.000000  ,0.000000  ,-0.106148 ,48.930000 ,-0.171637 ,-2.883374 
17.600000 ,6.588725  ,-9.291604 ,6.579257  ,0.000000  ,0.000000  ,-0.137048 ,49.030000 ,-0.206435 ,-3.349708 
17.640000 ,6.547828  ,-9.552235 ,6.611735  ,0.000000  ,0.000000  ,0.030451  ,49.130000 ,-0.034004 ,-4.377582 
17.680000 ,6.493734  ,-9.812592 ,6.683565  ,0.000000  ,0.000000  ,0.100910  ,49.220000 ,0.051288  ,-6.703261 
17.720000 ,6.424246  ,-10.075688,6.916651  ,0.000000  ,0.000000  ,-0.024769 ,49.320000 ,-0.074392 ,-7.913997 
17.760000 ,6.341184  ,-10.343718,7.108468  ,0.000000  ,0.000000  ,0.030949  ,49.510000 ,-0.018673 ,-6.728414 
17.800000 ,6.246931  ,-10.615415,7.266321  ,0.000000  ,0.000000  ,0.098106  ,49.610000 ,0.048483  ,-4.805247 
17.840000 ,6.144182  ,-10.890156,7.396226  ,0.000000  ,0.000000  ,0.196004  ,49.710000 ,0.146382  ,-3.186683 
17.880000 ,6.036527  ,-11.168086,7.503129  ,0.000000  ,0.000000  ,0.151728  ,49.810000 ,0.058800  ,-1.613842 
17.920000 ,5.932541  ,-11.441492,7.122729  ,0.000000  ,0.000000  ,0.105270  ,50.000000 ,-0.030538 ,0.992974  
17.960000 ,5.838476  ,-11.702347,6.742329  ,0.000000  ,0.000000  ,-0.008061 ,50.000000 ,-0.267067 ,4.639414  
18.000000 ,5.754293  ,-11.950541,6.361929  ,0.000000  ,0.000000  ,-0.042702 ,50.190000 ,-0.421291 ,7.599612  
18.040000 ,5.677573  ,-12.185186,5.981529  ,0.000000  ,0.000000  ,-0.029128 ,50.190000 ,-0.429128 ,7.685426  
18.080000 ,5.603416  ,-12.404642,5.601129  ,0.000000  ,0.000000  ,0.137793  ,50.290000 ,-0.262207 ,3.557125  
18.120000 ,5.523868  ,-12.605875,5.220729  ,0.000000  ,0.000000  ,-0.083611 ,50.490000 ,-0.240148 ,-5.107310 
18.160000 ,5.433619  ,-12.785677,4.850252  ,0.000000  ,0.000000  ,-0.129584 ,50.490000 ,-0.109643 ,-15.810833
18.200000 ,5.319193  ,-12.951434,5.230652  ,0.000000  ,0.000000  ,-0.160569 ,50.580000 ,-0.110946 ,-16.886004
18.240000 ,5.175353  ,-13.113591,5.611052  ,0.000000  ,0.000000  ,-0.095505 ,50.680000 ,-0.046912 ,-10.795022
18.280000 ,5.010012  ,-13.276378,5.991452  ,0.000000  ,0.000000  ,0.022860  ,50.780000 ,0.062973  ,-5.482079 
18.320000 ,4.828770  ,-13.444145,6.346732  ,0.000000  ,0.000000  ,-0.017630 ,50.870000 ,0.020108  ,-2.136408 
18.360000 ,4.636999  ,-13.619567,6.639458  ,0.000000  ,0.000000  ,0.016697  ,50.970000 ,0.042979  ,-0.054581 
18.400000 ,4.438292  ,-13.803166,6.880354  ,0.000000  ,0.000000  ,-0.100514 ,51.070000 ,-0.073946 ,1.095666  
18.440000 ,4.234957  ,-13.994641,7.078597  ,0.000000  ,0.000000  ,-0.030724 ,51.170000 ,-0.013582 ,1.604494  
18.480000 ,4.027058  ,-14.191779,7.241740  ,0.000000  ,0.000000  ,0.023425  ,51.260000 ,0.044189  ,0.985445  
18.520000 ,3.814678  ,-14.392811,7.375997  ,0.000000  ,0.000000  ,-0.194771 ,51.360000 ,-0.165093 ,-0.109979 
18.560000 ,3.598943  ,-14.597398,7.486482  ,0.000000  ,0.000000  ,-0.157494 ,51.550000 ,-0.124004 ,-0.471013 
18.600000 ,3.378907  ,-14.803272,7.577405  ,0.000000  ,0.000000  ,0.149480  ,51.650000 ,0.191458  ,-1.042335 
18.640000 ,3.152886  ,-15.007517,7.652229  ,0.000000  ,0.000000  ,-0.163957 ,51.750000 ,-0.091694 ,-2.613685 
18.680000 ,2.928523  ,-15.204370,7.271829  ,0.000000  ,0.000000  ,-0.019591 ,51.940000 ,0.124019  ,-4.367131 
18.720000 ,2.711303  ,-15.386158,6.891429  ,0.000000  ,0.000000  ,0.113349  ,52.040000 ,0.340565  ,-6.964668 
18.760000 ,2.500301  ,-15.551456,6.511029  ,0.000000  ,0.000000  ,0.008635  ,52.140000 ,0.341949  ,-9.904713 
18.800000 ,2.297628  ,-15.702607,6.130629  ,0.000000  ,0.000000  ,0.001468  ,52.230000 ,0.401468  ,-10.746192
18.840000 ,2.106196  ,-15.843374,5.750229  ,0.000000  ,0.000000  ,-0.080796 ,52.330000 ,0.319204  ,-7.626881 
18.880000 ,1.930803  ,-15.980084,5.369829  ,0.000000  ,0.000000  ,-0.057506 ,52.430000 ,0.239783  ,0.085025  
18.920000 ,1.775854  ,-16.117531,4.989429  ,0.000000  ,0.000000  ,-0.050770 ,52.520000 ,-0.012136 ,10.414442 
18.960000 ,1.637147  ,-16.271257,5.369829  ,0.000000  ,0.000000  ,-0.049474 ,52.620000 ,-0.098770 ,13.543275 
19.000000 ,1.505464  ,-16.450415,5.750229  ,0.000000  ,0.000000  ,-0.062479 ,52.720000 ,-0.142556 ,9.638664  
19.040000 ,1.378241  ,-16.644398,5.846413  ,0.000000  ,0.000000  ,0.112118  ,52.820000 ,0.062496  ,5.561135  
19.080000 ,1.249026  ,-16.848313,6.218892  ,0.000000  ,0.000000  ,0.043150  ,52.910000 ,-0.006473 ,1.684754  
19.120000 ,1.111367  ,-17.063265,6.534253  ,0.000000  ,0.000000  ,0.102465  ,53.010000 ,0.052842  ,-1.126529 
19.160000 ,0.965255  ,-17.286400,6.793776  ,0.000000  ,0.000000  ,-0.126455 ,53.110000 ,-0.176077 ,-2.123934 
19.200000 ,0.811949  ,-17.516089,7.007349  ,0.000000  ,0.000000  ,0.001247  ,53.200000 ,-0.128414 ,-1.693111 
19.240000 ,0.657182  ,-17.740591,6.626949  ,0.000000  ,0.000000  ,-0.216538 ,53.300000 ,-0.406962 ,-2.237849 
19.280000 ,0.504837  ,-17.948136,6.246549  ,0.000000  ,0.000000  ,-0.147571 ,53.400000 ,-0.197193 ,-5.280180 
19.320000 ,0.343225  ,-18.146961,6.557013  ,0.000000  ,0.000000  ,-0.049996 ,53.590000 ,-0.099618 ,-7.459902 
19.360000 ,0.162848  ,-18.344514,6.812507  ,0.000000  ,0.000000  ,-0.098706 ,53.690000 ,-0.297442 ,-7.452807 
19.400000 ,-0.025278 ,-18.530957,6.432107  ,0.000000  ,0.000000  ,0.056715  ,53.790000 ,-0.140757 ,-9.117718 
19.440000 ,-0.214256 ,-18.694010,6.051707  ,0.000000  ,0.000000  ,0.077176  ,53.880000 ,-0.046751 ,-14.791453
19.480000 ,-0.405492 ,-18.829458,5.671307  ,0.000000  ,0.000000  ,0.049237  ,53.980000 ,0.015818  ,-22.732890
19.520000 ,-0.613144 ,-18.937901,6.051707  ,0.000000  ,0.000000  ,-0.147895 ,54.080000 ,-0.148012 ,-20.971137
19.560000 ,-0.844959 ,-19.029130,6.396669  ,0.000000  ,0.000000  ,-0.064052 ,54.270000 ,-0.103893 ,-11.368068
19.600000 ,-1.093302 ,-19.111671,6.680553  ,0.000000  ,0.000000  ,0.153266  ,54.370000 ,0.098446  ,-4.175615 
19.640000 ,-1.352454 ,-19.189584,6.845226  ,0.000000  ,0.000000  ,-0.011293 ,54.560000 ,-0.093189 ,-1.330654 
19.680000 ,-1.608504 ,-19.263616,6.506255  ,0.000000  ,0.000000  ,-0.041257 ,54.660000 ,-0.154467 ,-0.784890 
19.720000 ,-1.852037 ,-19.330821,6.125855  ,0.000000  ,0.000000  ,0.089134  ,54.760000 ,-0.028899 ,-1.733727 
19.760000 ,-2.082868 ,-19.386325,5.745455  ,0.000000  ,0.000000  ,-0.029580 ,54.850000 ,-0.108119 ,-5.092993 
19.800000 ,-2.310606 ,-19.430703,5.853384  ,0.000000  ,0.000000  ,0.190935  ,54.950000 ,0.128279  ,-7.331136 
19.840000 ,-2.546972 ,-19.464161,6.077241  ,0.000000  ,0.000000  ,-0.015007 ,55.050000 ,-0.067194 ,-6.759870 
19.880000 ,-2.795072 ,-19.489292,6.382379  ,0.000000  ,0.000000  ,-0.118446 ,55.240000 ,-0.207785 ,-4.599627 
19.920000 ,-3.044213 ,-19.507469,6.139787  ,0.000000  ,0.000000  ,-0.072092 ,55.340000 ,-0.169222 ,-3.628300 
19.960000 ,-3.284110 ,-19.515993,5.895649  ,0.000000  ,0.000000  ,-0.000475 ,55.440000 ,-0.098877 ,-5.211471 
20.000000 ,-3.516997 ,-19.511198,5.769416  ,0.000000  ,0.000000  ,-0.012772 ,55.530000 ,-0.062394 ,8.278666  
20.040000 ,-3.754528 ,-19.491617,6.147214  ,0.000000  ,0.000000  ,-0.096501 ,55.630000 ,-0.146123 ,8.105919  
20.080000 ,-4.005022 ,-19.458807,6.475266  ,0.000000  ,0.000000  ,-0.046128 ,55.730000 ,-0.132580 ,5.336633  
20.120000 ,-4.254877 ,-19.415478,6.236233  ,0.000000  ,0.000000  ,0.214577  ,55.830000 ,0.148454  ,5.010913  
20.160000 ,-4.501020 ,-19.361668,6.358734  ,0.000000  ,0.000000  ,-0.015041 ,55.920000 ,-0.064663 ,5.867071  
20.200000 ,-4.753249 ,-19.297233,6.649335  ,0.000000  ,0.000000  ,-0.004062 ,56.120000 ,-0.053684 ,4.931705  
20.240000 ,-5.013855 ,-19.223280,6.888482  ,0.000000  ,0.000000  ,0.115214  ,56.210000 ,0.046135  ,3.257806  
20.280000 ,-5.275939 ,-19.142980,6.825394  ,0.000000  ,0.000000  ,0.046800  ,56.310000 ,-0.063027 ,2.549948  
20.320000 ,-5.528992 ,-19.062948,6.444994  ,0.000000  ,0.000000  ,0.050648  ,56.410000 ,-0.093211 ,2.219777  
20.360000 ,-5.766324 ,-18.983784,6.064594  ,0.000000  ,0.000000  ,-0.036602 ,56.500000 ,-0.185943 ,2.885847  
20.400000 ,-5.986985 ,-18.903064,5.684194  ,0.000000  ,0.000000  ,-0.220322 ,56.600000 ,-0.339293 ,5.181212  
20.440000 ,-6.189765 ,-18.816032,5.386254  ,0.000000  ,0.000000  ,-0.097557 ,56.700000 ,-0.113802 ,9.387460  
20.480000 ,-6.386179 ,-18.710489,5.766654  ,0.000000  ,0.000000  ,0.116687  ,56.800000 ,0.133132  ,10.175708 
20.520000 ,-6.586274 ,-18.581219,6.144584  ,0.000000  ,0.000000  ,-0.080052 ,56.890000 ,-0.043076 ,7.757757  
20.560000 ,-6.791365 ,-18.433862,6.473102  ,0.000000  ,0.000000  ,-0.008557 ,56.990000 ,0.028925  ,4.953606  
20.600000 ,-7.001764 ,-18.273587,6.743453  ,0.000000  ,0.000000  ,-0.000447 ,57.090000 ,0.034125  ,2.756141  
20.640000 ,-7.218274 ,-18.105135,6.965935  ,0.000000  ,0.000000  ,-0.164528 ,57.180000 ,-0.135270 ,0.948188  
20.680000 ,-7.441285 ,-17.931867,7.149026  ,0.000000  ,0.000000  ,-0.033392 ,57.380000 ,-0.004242 ,0.454204  
20.720000 ,-7.669292 ,-17.754182,7.299698  ,0.000000  ,0.000000  ,-0.208394 ,57.480000 ,-0.174614 ,0.532612  
20.760000 ,-7.901286 ,-17.572702,7.423693  ,0.000000  ,0.000000  ,0.073331  ,57.570000 ,0.097840  ,0.066429  
20.800000 ,-8.135899 ,-17.387265,7.525733  ,0.000000  ,0.000000  ,-0.117081 ,57.670000 ,-0.085305 ,0.946177  
20.840000 ,-8.371838 ,-17.197539,7.609706  ,0.000000  ,0.000000  ,0.069820  ,57.860000 ,0.107083  ,1.641373  
20.880000 ,-8.607907 ,-17.003141,7.678811  ,0.000000  ,0.000000  ,-0.060287 ,57.960000 ,-0.017464 ,2.268980  
20.920000 ,-8.843194 ,-16.803885,7.735681  ,0.000000  ,0.000000  ,0.105139  ,58.060000 ,0.154720  ,2.650760  
20.960000 ,-9.077509 ,-16.600322,7.782481  ,0.000000  ,0.000000  ,0.139670  ,58.250000 ,0.189292  ,2.611364  
21.000000 ,-9.311726 ,-16.394059,7.820995  ,0.000000  ,0.000000  ,-0.016111 ,58.350000 ,0.033511  ,1.608031  
21.040000 ,-9.549410 ,-16.189657,7.852689  ,0.000000  ,0.000000  ,0.068393  ,58.450000 ,0.099169  ,1.482678  
21.080000 ,-9.792946 ,-15.990444,7.878772  ,0.000000  ,0.000000  ,0.015469  ,58.640000 ,0.024292  ,5.293447  
21.120000 ,-10.043877,-15.799082,7.900236  ,0.000000  ,0.000000  ,-0.042692 ,58.740000 ,-0.053888 ,8.086514  
21.160000 ,-10.302408,-15.616755,7.917900  ,0.000000  ,0.000000  ,-0.071351 ,58.830000 ,-0.099236 ,8.826664  
21.200000 ,-10.567169,-15.442414,7.932437  ,0.000000  ,0.000000  ,0.205585  ,59.030000 ,0.195537  ,7.333599  
21.240000 ,-10.835841,-15.273158,7.944399  ,0.000000  ,0.000000  ,-0.203081 ,59.130000 ,-0.223703 ,4.216552  
21.280000 ,-11.106966,-15.107023,7.954244  ,0.000000  ,0.000000  ,-0.047422 ,59.220000 ,-0.055422 ,1.388993  
21.320000 ,-11.378517,-14.940897,7.962346  ,0.000000  ,0.000000  ,-0.057120 ,59.420000 ,-0.054868 ,0.833351  
21.360000 ,-11.648512,-14.771703,7.969013  ,0.000000  ,0.000000  ,0.212444  ,59.510000 ,0.221791  ,2.731966  
21.400000 ,-11.915810,-14.597837,7.974499  ,0.000000  ,0.000000  ,0.120776  ,59.610000 ,0.167241  ,4.082297  
21.440000 ,-12.181030,-14.420452,7.979014  ,0.000000  ,0.000000  ,0.062207  ,59.810000 ,0.084568  ,3.697137  
21.480000 ,-12.446749,-14.243519,7.982730  ,0.000000  ,0.000000  ,0.052764  ,59.900000 ,0.065852  ,0.715296  
21.520000 ,-12.714254,-14.069053,7.985788  ,0.000000  ,0.000000  ,-0.068429 ,60.000000 ,-0.074896 ,2.748959  
21.560000 ,-12.985302,-13.899947,7.988304  ,0.000000  ,0.000000  ,-0.156332 ,60.190000 ,-0.162339 ,5.355237  
21.600000 ,-13.260403,-13.737330,7.990375  ,0.000000  ,0.000000  ,0.056258  ,60.290000 ,0.021202  ,6.197982  
21.640000 ,-13.537642,-13.578226,7.992079  ,0.000000  ,0.000000  ,-0.025625 ,60.390000 ,-0.055210 ,4.140550  
21.680000 ,-13.815644,-13.420332,7.993482  ,0.000000  ,0.000000  ,0.093046  ,60.580000 ,0.096558  ,0.759405  
21.720000 ,-14.093209,-13.261568,7.994636  ,0.000000  ,0.000000  ,-0.233225 ,60.680000 ,-0.235182 ,1.949073  
21.760000 ,-14.370026,-13.101420,7.995586  ,0.000000  ,0.000000  ,0.098818  ,60.870000 ,0.103787  ,2.604851  
21.800000 ,-14.645680,-12.939213,7.996367  ,0.000000  ,0.000000  ,-0.018820 ,60.970000 ,-0.019624 ,2.060542  
21.840000 ,-14.920583,-12.775678,7.997010  ,0.000000  ,0.000000  ,0.012632  ,61.070000 ,0.034118  ,0.934843  
21.880000 ,-15.195397,-12.611947,7.997540  ,0.000000  ,0.000000  ,0.099984  ,61.260000 ,0.090940  ,0.148900  
21.920000 ,-15.470742,-12.449076,7.997975  ,0.000000  ,0.000000  ,-0.054640 ,61.360000 ,-0.064357 ,1.043813  
21.960000 ,-15.748315,-12.290004,7.998334  ,0.000000  ,0.000000  ,0.045752  ,61.460000 ,0.028632  ,2.571377  
22.000000 ,-16.028075,-12.134781,7.998629  ,0.000000  ,0.000000  ,0.083257  ,61.650000 ,0.071083  ,3.552588  
22.040000 ,-16.310403,-11.984263,7.998872  ,0.000000  ,0.000000  ,-0.026840 ,61.750000 ,-0.064818 ,3.902459  
22.080000 ,-16.596214,-11.840458,7.999071  ,0.000000  ,0.000000  ,-0.153817 ,61.940000 ,-0.180121 ,4.562989  
22.120000 ,-16.884952,-11.702591,7.999236  ,0.000000  ,0.000000  ,0.080435  ,62.040000 ,0.030813  ,4.658925  
22.160000 ,-17.174609,-11.566646,7.999371  ,0.000000  ,0.000000  ,-0.175312 ,62.140000 ,-0.217268 ,2.514199  
22.200000 ,-17.463980,-11.430083,7.999482  ,0.000000  ,0.000000  ,-0.046963 ,62.330000 ,-0.065061 ,0.672743  
22.240000 ,-17.751224,-11.289112,7.999574  ,0.000000  ,0.000000  ,0.093715  ,62.430000 ,0.093268  ,3.974904  
22.280000 ,-18.034499,-11.140318,7.999650  ,0.000000  ,0.000000  ,-0.227053 ,62.520000 ,-0.212265 ,6.595554  
22.320000 ,-18.314198,-10.984896,7.999712  ,0.000000  ,0.000000  ,0.233661  ,62.720000 ,0.266613  ,6.695089  
22.360000 ,-18.590135,-10.822887,7.999763  ,0.000000  ,0.000000  ,-0.049302 ,62.820000 ,-0.036191 ,5.292105  
22.400000 ,-18.863178,-10.656030,7.999805  ,0.000000  ,0.000000  ,-0.119252 ,63.010000 ,-0.087469 ,3.302677  
22.440000 ,-19.134410,-10.486245,7.999839  ,0.000000  ,0.000000  ,0.065726  ,63.110000 ,0.067044  ,1.590167  
22.480000 ,-19.403039,-10.312369,7.999868  ,0.000000  ,0.000000  ,-0.046503 ,63.200000 ,-0.015069 ,1.650109  
22.520000 ,-19.669743,-10.135549,7.999891  ,0.000000  ,0.000000  ,-0.074807 ,63.400000 ,-0.064058 ,2.222252  
22.560000 ,-19.934464,-9.955776 ,7.999910  ,0.000000  ,0.000000  ,-0.094193 ,63.500000 ,-0.051920 ,2.577255  
22.600000 ,-20.196210,-9.771699 ,7.999926  ,0.000000  ,0.000000  ,0.088467  ,63.590000 ,0.115663  ,3.183281  
22.640000 ,-20.454483,-9.582780 ,7.999939  ,0.000000  ,0.000000  ,-0.100528 ,63.790000 ,-0.050905 ,3.886332  
22.680000 ,-20.710361,-9.390622 ,7.999950  ,0.000000  ,0.000000  ,-0.069893 ,63.880000 ,-0.020271 ,3.372822  
22.720000 ,-20.964206,-9.195788 ,7.999959  ,0.000000  ,0.000000  ,0.004199  ,63.980000 ,0.053822  ,2.216844  
22.760000 ,-21.215841,-8.998107 ,7.999966  ,0.000000  ,0.000000  ,-0.174679 ,64.170000 ,-0.125056 ,1.586800  
22.800000 ,-21.466581,-8.799289 ,7.999972  ,0.000000  ,0.000000  ,-0.111035 ,64.270000 ,-0.061413 ,0.917542  
22.840000 ,-21.715742,-8.598498 ,7.999977  ,0.000000  ,0.000000  ,-0.042247 ,64.370000 ,0.007375  ,1.013406  
22.880000 ,-21.962717,-8.395023 ,7.999981  ,0.000000  ,0.000000  ,-0.022047 ,64.560000 ,0.039000  ,1.869821  
22.920000 ,-22.202602,-8.194915 ,7.619581  ,0.000000  ,0.000000  ,0.077953  ,64.660000 ,0.207175  ,2.449229  
22.960000 ,-22.430279,-8.003928 ,7.239181  ,0.000000  ,0.000000  ,0.003338  ,64.850000 ,0.119851  ,2.254286  
23.000000 ,-22.647434,-7.824084 ,6.858781  ,0.000000  ,0.000000  ,-0.043475 ,64.950000 ,0.070993  ,0.307398  
23.040000 ,-22.855551,-7.657240 ,6.478381  ,0.000000  ,0.000000  ,-0.016438 ,65.050000 ,0.040482  ,3.220203  
23.080000 ,-23.064829,-7.498392 ,6.653715  ,0.000000  ,0.000000  ,-0.004247 ,65.150000 ,0.047309  ,5.486742  
23.120000 ,-23.285563,-7.342043 ,6.865224  ,0.000000  ,0.000000  ,0.041841  ,65.240000 ,0.091463  ,5.256539  
23.160000 ,-23.517622,-7.187624 ,7.066146  ,0.000000  ,0.000000  ,-0.011355 ,65.340000 ,0.038267  ,4.089414  
23.200000 ,-23.759951,-7.035641 ,7.231493  ,0.000000  ,0.000000  ,-0.111768 ,65.440000 ,-0.018906 ,3.416034  
23.240000 ,-24.001650,-6.891048 ,6.851093  ,0.000000  ,0.000000  ,-0.081729 ,65.630000 ,-0.011866 ,3.964165  
23.280000 ,-24.237721,-6.754729 ,6.787493  ,0.000000  ,0.000000  ,-0.079476 ,65.730000 ,0.061372  ,4.197235  
23.320000 ,-24.468258,-6.626315 ,6.407093  ,0.000000  ,0.000000  ,-0.007179 ,65.830000 ,0.119801  ,3.921761  
23.360000 ,-24.688372,-6.510632 ,6.026693  ,0.000000  ,0.000000  ,0.069646  ,65.920000 ,0.128812  ,4.938700  
23.400000 ,-24.910470,-6.405354 ,6.256604  ,0.000000  ,0.000000  ,0.034308  ,66.020000 ,0.234709  ,5.723184  
23.440000 ,-25.134608,-6.312470 ,5.876204  ,0.000000  ,0.000000  ,-0.162004 ,66.120000 ,-0.100190 ,7.972534  
23.480000 ,-25.362154,-6.237142 ,6.104596  ,0.000000  ,0.000000  ,-0.050404 ,66.210000 ,0.016970  ,9.989985  
23.520000 ,-25.601541,-6.176652 ,6.238927  ,0.000000  ,0.000000  ,-0.012550 ,66.310000 ,0.062804  ,9.500496  
23.560000 ,-25.847287,-6.128371 ,6.283111  ,0.000000  ,0.000000  ,-0.114968 ,66.410000 ,0.098470  ,7.919927  
23.600000 ,-26.088457,-6.093434 ,5.902711  ,0.000000  ,0.000000  ,-0.195123 ,66.500000 ,-0.048816 ,8.331990  
23.640000 ,-26.316071,-6.073729 ,5.522311  ,0.000000  ,0.000000  ,-0.013220 ,66.600000 ,0.329955  ,11.501209 
23.680000 ,-26.529241,-6.067789 ,5.141911  ,0.000000  ,0.000000  ,0.086182  ,66.700000 ,0.394362  ,14.636076 
23.720000 ,-26.726932,-6.078428 ,4.761511  ,0.000000  ,0.000000  ,-0.017846 ,66.800000 ,0.314503  ,17.318102 
23.760000 ,-26.906550,-6.111673 ,4.381111  ,0.000000  ,0.000000  ,-0.069877 ,66.890000 ,0.308228  ,21.109710 
23.800000 ,-27.062871,-6.171395 ,4.000711  ,0.000000  ,0.000000  ,0.046908  ,66.990000 ,0.336947  ,26.388990 
23.840000 ,-27.189069,-6.256229 ,3.629434  ,0.000000  ,0.000000  ,0.032452  ,67.090000 ,0.082074  ,31.328485 
23.880000 ,-27.284785,-6.374641 ,4.009834  ,0.000000  ,0.000000  ,0.105021  ,67.090000 ,0.172990  ,22.400782 
23.920000 ,-27.361990,-6.523712 ,4.390234  ,0.000000  ,0.000000  ,0.056113  ,67.180000 ,0.164729  ,11.144887 
23.960000 ,-27.428418,-6.690195 ,4.568823  ,0.000000  ,0.000000  ,-0.078273 ,67.380000 ,-0.028651 ,5.818751  
24.000000 ,-27.488077,-6.870948 ,4.949223  ,0.000000  ,0.000000  ,0.005455  ,67.480000 ,0.154870  ,3.468257  
24.040000 ,-27.542260,-7.056602 ,4.747331  ,0.000000  ,0.000000  ,-0.010839 ,67.670000 ,0.136775  ,3.065710  
24.080000 ,-27.588203,-7.239189 ,4.676672  ,0.000000  ,0.000000  ,-0.037565 ,67.770000 ,0.081372  ,3.689850  
24.120000 ,-27.625193,-7.424331 ,4.761772  ,0.000000  ,0.000000  ,-0.080688 ,67.770000 ,0.023079  ,4.225413  
24.160000 ,-27.654658,-7.615313 ,4.896825  ,0.000000  ,0.000000  ,0.051064  ,67.960000 ,0.168207  ,4.098822  
24.200000 ,-27.678446,-7.810833 ,4.949973  ,0.000000  ,0.000000  ,0.052420  ,67.960000 ,0.192471  ,3.448753  
24.240000 ,-27.694433,-8.005557 ,4.835019  ,0.000000  ,0.000000  ,0.105840  ,68.060000 ,0.201698  ,3.738560  
24.280000 ,-27.699223,-8.202207 ,4.996927  ,0.000000  ,0.000000  ,0.094368  ,68.160000 ,0.155938  ,4.581636  
24.320000 ,-27.692175,-8.409518 ,5.372179  ,0.000000  ,0.000000  ,-0.108592 ,68.250000 ,-0.032071 ,4.636092  
24.360000 ,-27.673707,-8.627495 ,5.560998  ,0.000000  ,0.000000  ,0.181654  ,68.350000 ,0.226384  ,4.570013  
24.400000 ,-27.645457,-8.855793 ,5.941398  ,0.000000  ,0.000000  ,-0.003839 ,68.450000 ,0.039559  ,3.813131  
24.440000 ,-27.608228,-9.098015 ,6.303484  ,0.000000  ,0.000000  ,0.044346  ,68.540000 ,0.106242  ,2.822877  
24.480000 ,-27.563489,-9.349330 ,6.455386  ,0.000000  ,0.000000  ,0.071458  ,68.740000 ,0.154510  ,2.432230  
24.520000 ,-27.512648,-9.598850 ,6.297968  ,0.000000  ,0.000000  ,0.160768  ,68.740000 ,0.236237  ,3.405845  
24.560000 ,-27.452982,-9.844276 ,6.330818  ,0.000000  ,0.000000  ,0.049346  ,68.930000 ,0.098969  ,5.304121  
24.600000 ,-27.378602,-10.092670,6.626361  ,0.000000  ,0.000000  ,-0.024475 ,69.030000 ,0.020184  ,6.612242  
24.640000 ,-27.288466,-10.347229,6.869576  ,0.000000  ,0.000000  ,-0.025091 ,69.220000 ,0.022828  ,6.534616  
24.680000 ,-27.186308,-10.606744,7.069728  ,0.000000  ,0.000000  ,0.107982  ,69.320000 ,0.177273  ,5.130215  
24.720000 ,-27.077654,-10.863595,6.897401  ,0.000000  ,0.000000  ,-0.016096 ,69.420000 ,0.073062  ,4.125827  
24.760000 ,-26.964932,-11.107032,6.517001  ,0.000000  ,0.000000  ,0.063593  ,69.510000 ,0.138147  ,5.787073  
24.800000 ,-26.845283,-11.338628,6.518114  ,0.000000  ,0.000000  ,-0.026030 ,69.710000 ,0.044188  ,8.078321  
24.840000 ,-26.712278,-11.563694,6.554285  ,0.000000  ,0.000000  ,0.187483  ,69.810000 ,0.249691  ,9.289705  
24.880000 ,-26.565083,-11.783202,6.658591  ,0.000000  ,0.000000  ,0.279236  ,69.900000 ,0.335084  ,8.988592  
24.920000 ,-26.402971,-11.998521,6.814672  ,0.000000  ,0.000000  ,0.024228  ,70.000000 ,0.079847  ,7.838770  
24.960000 ,-26.223998,-12.207627,6.945866  ,0.000000  ,0.000000  ,-0.103415 ,70.100000 ,-0.053793 ,8.011095  
25.000000 ,-26.027911,-12.409798,7.132510  ,0.000000  ,0.000000  ,0.097428  ,70.190000 ,0.167565  ,8.703784  
25.040000 ,-25.823079,-12.600761,6.900982  ,0.000000  ,0.000000  ,0.012721  ,70.390000 ,0.049920  ,10.032878 
25.080000 ,-25.607743,-12.779736,7.095573  ,0.000000  ,0.000000  ,-0.036144 ,70.490000 ,-0.025880 ,10.077727 
25.120000 ,-25.377242,-12.950895,7.255710  ,0.000000  ,0.000000  ,-0.033373 ,70.680000 ,-0.046079 ,8.200081  
25.160000 ,-25.136255,-13.117439,7.387493  ,0.000000  ,0.000000  ,0.075479  ,70.780000 ,0.087541  ,5.300689  
25.200000 ,-24.888492,-13.282541,7.495943  ,0.000000  ,0.000000  ,0.022069  ,70.870000 ,0.059404  ,2.210511  
25.240000 ,-24.635507,-13.446877,7.585191  ,0.000000  ,0.000000  ,0.050266  ,71.070000 ,0.084255  ,0.654190  
25.280000 ,-24.377940,-13.610081,7.658636  ,0.000000  ,0.000000  ,-0.104652 ,71.170000 ,-0.106244 ,0.939270  
25.320000 ,-24.116030,-13.771369,7.719078  ,0.000000  ,0.000000  ,0.138640  ,71.260000 ,0.089017  ,2.131723  
25.360000 ,-23.850310,-13.930619,7.768818  ,0.000000  ,0.000000  ,0.008393  ,71.460000 ,-0.065168 ,2.787598  
25.400000 ,-23.587839,-14.082282,7.388418  ,0.000000  ,0.000000  ,0.085284  ,71.550000 ,-0.208963 ,3.925141  
25.440000 ,-23.336033,-14.221910,7.008018  ,0.000000  ,0.000000  ,-0.077261 ,71.750000 ,-0.477261 ,5.639446  
25.480000 ,-23.097032,-14.353252,6.627618  ,0.000000  ,0.000000  ,0.000053  ,71.840000 ,-0.353456 ,5.156234  
25.520000 ,-22.873762,-14.481499,6.247218  ,0.000000  ,0.000000  ,0.072836  ,71.940000 ,-0.310719 ,0.397971  
25.560000 ,-22.670679,-14.613526,5.866818  ,0.000000  ,0.000000  ,-0.208088 ,72.040000 ,-0.608088 ,-8.984041 
25.600000 ,-22.493018,-14.754698,5.486418  ,0.000000  ,0.000000  ,-0.043602 ,72.230000 ,-0.238869 ,-21.003413
25.640000 ,-22.351523,-14.911838,5.106018  ,0.000000  ,0.000000  ,0.221064  ,72.330000 ,0.153975  ,-34.765270
25.680000 ,-22.255582,-15.098692,5.419743  ,0.000000  ,0.000000  ,0.014167  ,72.330000 ,0.067238  ,-33.934810
25.720000 ,-22.199124,-15.315611,5.800143  ,0.000000  ,0.000000  ,-0.160475 ,72.520000 ,-0.192131 ,-21.001879
25.760000 ,-22.165306,-15.552757,6.176480  ,0.000000  ,0.000000  ,0.151077  ,72.620000 ,0.101455  ,-9.272501 
25.800000 ,-22.141648,-15.805353,6.499351  ,0.000000  ,0.000000  ,0.039454  ,72.720000 ,-0.041904 ,-2.655365 
25.840000 ,-22.123513,-16.061387,6.353532  ,0.000000  ,0.000000  ,-0.107146 ,72.820000 ,-0.239798 ,-0.674015 
25.880000 ,-22.109074,-16.307496,5.973132  ,0.000000  ,0.000000  ,-0.191396 ,72.910000 ,-0.341887 ,-1.052968 
25.920000 ,-22.101266,-16.538665,5.592732  ,0.000000  ,0.000000  ,-0.037247 ,73.010000 ,-0.188219 ,-3.513762 
25.960000 ,-22.106944,-16.754635,5.212332  ,0.000000  ,0.000000  ,-0.076764 ,73.200000 ,-0.203758 ,-9.081376 
26.000000 ,-22.130749,-16.958782,5.085246  ,0.000000  ,0.000000  ,-0.062425 ,73.200000 ,-0.321600 ,-14.310862
26.040000 ,-22.176034,-17.149126,4.704846  ,0.000000  ,0.000000  ,-0.151611 ,73.300000 ,-0.201233 ,-19.272663
26.080000 ,-22.252336,-17.329174,5.085246  ,0.000000  ,0.000000  ,0.014604  ,73.400000 ,-0.027116 ,-17.503655
26.120000 ,-22.360834,-17.510049,5.465646  ,0.000000  ,0.000000  ,-0.096750 ,73.500000 ,-0.146373 ,-11.034752
26.160000 ,-22.491731,-17.694536,5.846046  ,0.000000  ,0.000000  ,-0.075245 ,73.590000 ,-0.124867 ,-6.012841 
26.200000 ,-22.639680,-17.885262,6.218559  ,0.000000  ,0.000000  ,-0.041967 ,73.690000 ,-0.091590 ,-3.160782 
26.240000 ,-22.801372,-18.082752,6.533979  ,0.000000  ,0.000000  ,-0.031537 ,73.790000 ,-0.363023 ,-2.060104 
26.280000 ,-22.966515,-18.275399,6.153579  ,0.000000  ,0.000000  ,-0.126687 ,73.880000 ,-0.178825 ,-3.014470 
26.320000 ,-23.137764,-18.460470,6.445855  ,0.000000  ,0.000000  ,-0.168833 ,74.080000 ,-0.568833 ,-4.721311 
26.360000 ,-23.316574,-18.635463,6.065455  ,0.000000  ,0.000000  ,0.029357  ,74.170000 ,-0.370643 ,-8.215694 
26.400000 ,-23.496912,-18.785984,5.685055  ,0.000000  ,0.000000  ,-0.177088 ,74.270000 ,-0.226710 ,-15.735334
26.440000 ,-23.695785,-18.910806,6.065455  ,0.000000  ,0.000000  ,0.097193  ,74.370000 ,0.041696  ,-17.995519
26.480000 ,-23.920818,-19.014954,6.330779  ,0.000000  ,0.000000  ,-0.120708 ,74.470000 ,-0.171584 ,-14.262425
26.520000 ,-24.164440,-19.102597,6.608742  ,0.000000  ,0.000000  ,0.035078  ,74.560000 ,-0.030988 ,-9.865659 
26.560000 ,-24.419530,-19.176167,6.665825  ,0.000000  ,0.000000  ,0.026093  ,74.660000 ,-0.061106 ,-7.506613 
26.600000 ,-24.671869,-19.235813,6.322146  ,0.000000  ,0.000000  ,0.138114  ,74.760000 ,0.074562  ,-8.262829 
26.640000 ,-24.923050,-19.283029,6.454069  ,0.000000  ,0.000000  ,-0.030635 ,74.950000 ,-0.096368 ,-8.292028 
26.680000 ,-25.180111,-19.321751,6.541638  ,0.000000  ,0.000000  ,-0.090132 ,75.050000 ,-0.188953 ,-5.843937 
26.720000 ,-25.432208,-19.353174,6.161238  ,0.000000  ,0.000000  ,-0.063973 ,75.150000 ,-0.234478 ,-4.217259 
26.760000 ,-25.670179,-19.373220,5.780838  ,0.000000  ,0.000000  ,0.130001  ,75.240000 ,0.006198  ,-5.906344 
26.800000 ,-25.893772,-19.376849,5.411542  ,0.000000  ,0.000000  ,0.256041  ,75.340000 ,0.206419  ,-11.326410
26.840000 ,-26.117157,-19.360383,5.791942  ,0.000000  ,0.000000  ,0.229363  ,75.440000 ,0.189093  ,12.062894 
26.880000 ,-26.353963,-19.326305,6.168670  ,0.000000  ,0.000000  ,-0.134106 ,75.530000 ,-0.183729 ,7.392925  
26.920000 ,-26.603848,-19.284072,6.492923  ,0.000000  ,0.000000  ,0.141543  ,75.630000 ,0.057376  ,2.222715  
26.960000 ,-26.855497,-19.241990,6.290593  ,0.000000  ,0.000000  ,0.050408  ,75.830000 ,-0.121243 ,1.640806  
27.000000 ,-27.096670,-19.204870,5.910193  ,0.000000  ,0.000000  ,-0.121177 ,75.920000 ,-0.352853 ,4.423616  
27.040000 ,-27.323169,-19.172506,5.529793  ,0.000000  ,0.000000  ,0.050563  ,76.020000 ,-0.216611 ,5.494635  
27.080000 ,-27.534406,-19.140950,5.149393  ,0.000000  ,0.000000  ,0.072986  ,76.120000 ,-0.221681 ,3.454777  
27.120000 ,-27.729864,-19.107151,4.768993  ,0.000000  ,0.000000  ,-0.292086 ,76.120000 ,-0.490048 ,1.123162  
27.160000 ,-27.908617,-19.067410,4.388593  ,0.000000  ,0.000000  ,-0.035732 ,76.310000 ,-0.080378 ,6.748425  
27.200000 ,-28.082620,-19.010546,4.768993  ,0.000000  ,0.000000  ,0.181411  ,76.310000 ,0.180516  ,8.216806  
27.240000 ,-28.264583,-18.931677,5.149393  ,0.000000  ,0.000000  ,-0.054653 ,76.500000 ,-0.052910 ,6.541586  
27.280000 ,-28.455197,-18.835359,5.529793  ,0.000000  ,0.000000  ,0.036509  ,76.600000 ,0.052937  ,4.622964  
27.320000 ,-28.656055,-18.725799,5.910193  ,0.000000  ,0.000000  ,-0.080493 ,76.600000 ,-0.069424 ,2.735883  
27.360000 ,-28.868810,-18.606557,6.276522  ,0.000000  ,0.000000  ,0.070512  ,76.800000 ,0.088133  ,1.006264  
27.400000 ,-29.092446,-18.479216,6.581679  ,0.000000  ,0.000000  ,-0.206806 ,76.890000 ,-0.172491 ,0.280139  
27.440000 ,-29.325152,-18.345391,6.832806  ,0.000000  ,0.000000  ,0.035401  ,76.990000 ,0.084702  ,0.206041  
27.480000 ,-29.565110,-18.205872,7.039468  ,0.000000  ,0.000000  ,0.019813  ,77.090000 ,0.069436  ,0.571280  
27.520000 ,-29.810758,-18.061202,7.209539  ,0.000000  ,0.000000  ,-0.078517 ,77.280000 ,-0.028895 ,0.830169  
27.560000 ,-30.062318,-17.914392,7.349497  ,0.000000  ,0.000000  ,-0.007870 ,77.380000 ,0.035302  ,0.015556  
27.600000 ,-30.318863,-17.766034,7.464674  ,0.000000  ,0.000000  ,0.005023  ,77.480000 ,0.017697  ,0.894885  
27.640000 ,-30.580010,-17.617286,7.559458  ,0.000000  ,0.000000  ,-0.049619 ,77.670000 ,-0.047070 ,1.424044  
27.680000 ,-30.845396,-17.469038,7.637460  ,0.000000  ,0.000000  ,-0.110982 ,77.770000 ,-0.103188 ,1.635237  
27.720000 ,-31.113830,-17.320437,7.701651  ,0.000000  ,0.000000  ,0.043305  ,77.960000 ,0.020993  ,1.064067  
27.760000 ,-31.383446,-17.169166,7.754476  ,0.000000  ,0.000000  ,0.163633  ,78.060000 ,0.137598  ,0.657670  
27.800000 ,-31.653761,-17.015225,7.797949  ,0.000000  ,0.000000  ,-0.027041 ,78.160000 ,-0.012512 ,1.900528  
27.840000 ,-31.919172,-16.866364,7.417549  ,0.000000  ,0.000000  ,-0.011077 ,78.350000 ,-0.041219 ,0.674868  
27.880000 ,-32.172772,-16.727576,7.037149  ,0.000000  ,0.000000  ,0.019298  ,78.450000 ,-0.114828 ,2.084775  
27.920000 ,-32.413334,-16.596661,6.656749  ,0.000000  ,0.000000  ,0.156942  ,78.640000 ,-0.243058 ,3.649198  
27.960000 ,-32.640364,-16.472712,6.276349  ,0.000000  ,0.000000  ,0.060908  ,78.740000 ,-0.339092 ,2.864302  
28.000000 ,-32.851945,-16.352323,5.895949  ,0.000000  ,0.000000  ,-0.202004 ,78.830000 ,-0.602004 ,0.847593  
28.040000 ,-33.043433,-16.228265,5.515549  ,0.000000  ,0.000000  ,-0.087630 ,78.930000 ,-0.487630 ,8.558639  
28.080000 ,-33.207339,-16.092525,5.135149  ,0.000000  ,0.000000  ,0.043760  ,79.030000 ,-0.089328 ,20.436915 
28.120000 ,-33.335483,-15.936927,4.985447  ,0.000000  ,0.000000  ,0.101447  ,79.220000 ,0.058988  ,30.723756 
28.160000 ,-33.424066,-15.750318,5.365847  ,0.000000  ,0.000000  ,-0.080063 ,79.320000 ,-0.069397 ,26.454654 
28.200000 ,-33.482373,-15.536020,5.746247  ,0.000000  ,0.000000  ,0.093465  ,79.420000 ,0.102566  ,15.578217 
28.240000 ,-33.524383,-15.302343,6.125147  ,0.000000  ,0.000000  ,0.023142  ,79.510000 ,0.006138  ,6.887262  
28.280000 ,-33.562144,-15.053344,6.457106  ,0.000000  ,0.000000  ,-0.043631 ,79.710000 ,-0.092082 ,1.358021  
28.320000 ,-33.601532,-14.792386,6.730289  ,0.000000  ,0.000000  ,0.047117  ,79.810000 ,-0.002505 ,1.246875  
28.360000 ,-33.642900,-14.521683,6.955103  ,0.000000  ,0.000000  ,0.042484  ,79.900000 ,-0.015510 ,1.312267  
28.400000 ,-33.685394,-14.245105,7.033695  ,0.000000  ,0.000000  ,-0.169089 ,80.000000 ,-0.231374 ,0.397479  
28.440000 ,-33.728591,-13.966705,7.052328  ,0.000000  ,0.000000  ,0.006875  ,80.100000 ,-0.071336 ,0.207732  
28.480000 ,-33.768196,-13.694981,6.692164  ,0.000000  ,0.000000  ,0.131305  ,80.190000 ,0.056616  ,1.509171  
28.520000 ,-33.801924,-13.431702,6.592550  ,0.000000  ,0.000000  ,-0.030272 ,80.390000 ,-0.102415 ,3.321047  
28.560000 ,-33.831869,-13.170253,6.568508  ,0.000000  ,0.000000  ,-0.000409 ,80.490000 ,-0.078601 ,3.585102  
28.600000 ,-33.856821,-12.916137,6.217870  ,0.000000  ,0.000000  ,0.199707  ,80.580000 ,0.114091  ,3.585570  
28.640000 ,-33.874346,-12.669756,6.142435  ,0.000000  ,0.000000  ,0.119914  ,80.680000 ,0.040246  ,4.210740  
28.680000 ,-33.887142,-12.423783,6.172038  ,0.000000  ,0.000000  ,-0.181172 ,80.780000 ,-0.283475 ,3.669967  
28.720000 ,-33.896513,-12.184306,5.838076  ,0.000000  ,0.000000  ,0.012057  ,80.870000 ,-0.030132 ,2.735147  
28.760000 ,-33.901328,-11.943277,6.211329  ,0.000000  ,0.000000  ,-0.103950 ,80.970000 ,-0.161723 ,1.999974  
28.800000 ,-33.902280,-11.690442,6.424118  ,0.000000  ,0.000000  ,0.073163  ,81.170000 ,-0.072363 ,1.566871  
28.840000 ,-33.896784,-11.441161,6.043718  ,0.000000  ,0.000000  ,-0.080725 ,81.170000 ,-0.224050 ,3.325190  
28.880000 ,-33.883681,-11.207398,5.663318  ,0.000000  ,0.000000  ,-0.120266 ,81.360000 ,-0.043892 ,6.913387  
28.920000 ,-33.858552,-10.979440,5.801689  ,0.000000  ,0.000000  ,-0.121673 ,81.460000 ,0.021315  ,8.725219  
28.960000 ,-33.820416,-10.758269,5.421289  ,0.000000  ,0.000000  ,-0.048529 ,81.550000 ,0.351471  ,10.302338 
29.000000 ,-33.775153,-10.554001,5.040889  ,0.000000  ,0.000000  ,0.070286  ,81.550000 ,0.470286  ,12.137531 
29.040000 ,-33.725138,-10.366539,4.660489  ,0.000000  ,0.000000  ,-0.016307 ,81.650000 ,0.383693  ,11.973609 
29.080000 ,-33.675906,-10.194639,4.280089  ,0.000000  ,0.000000  ,0.178802  ,81.750000 ,0.578802  ,8.826994  
29.120000 ,-33.634817,-10.036308,3.899689  ,0.000000  ,0.000000  ,0.050866  ,81.840000 ,0.450866  ,2.666696  
29.160000 ,-33.608901,-9.890276 ,3.519289  ,0.000000  ,0.000000  ,0.069522  ,81.940000 ,0.469522  ,4.973421  
29.200000 ,-33.602916,-9.757382 ,3.140384  ,0.000000  ,0.000000  ,-0.075017 ,81.940000 ,0.324983  ,11.718780 
29.240000 ,-33.620639,-9.638463 ,2.913234  ,0.000000  ,0.000000  ,0.036098  ,82.040000 ,0.436098  ,14.160829 
29.280000 ,-33.658943,-9.535705 ,2.613614  ,0.000000  ,0.000000  ,0.078020  ,82.140000 ,0.423588  ,13.133876 
29.320000 ,-33.711732,-9.454226 ,2.277665  ,0.000000  ,0.000000  ,0.136243  ,82.230000 ,0.258138  ,10.863029 
29.360000 ,-33.782629,-9.386760 ,2.612894  ,0.000000  ,0.000000  ,-0.028439 ,82.230000 ,0.013725  ,3.531956  
29.400000 ,-33.872203,-9.320956 ,2.936246  ,0.000000  ,0.000000  ,-0.159212 ,82.330000 ,-0.189107 ,0.379879  
29.440000 ,-33.977183,-9.253010 ,3.316646  ,0.000000  ,0.000000  ,-0.021238 ,82.330000 ,-0.072802 ,0.095227  
29.480000 ,-34.096850,-9.179823 ,3.697046  ,0.000000  ,0.000000  ,0.100799  ,82.430000 ,-0.114974 ,0.346044  
29.520000 ,-34.223176,-9.102169 ,3.716699  ,0.000000  ,0.000000  ,-0.023696 ,82.430000 ,-0.287647 ,0.282621  
29.560000 ,-34.344931,-9.023494 ,3.552955  ,0.000000  ,0.000000  ,0.198866  ,82.520000 ,-0.201134 ,0.434579  
29.600000 ,-34.454590,-8.945633 ,3.172555  ,0.000000  ,0.000000  ,-0.088943 ,82.620000 ,-0.480073 ,2.082278  
29.640000 ,-34.548691,-8.868364 ,2.946683  ,0.000000  ,0.000000  ,-0.176102 ,82.620000 ,-0.507272 ,3.560163  
29.680000 ,-34.631241,-8.783867 ,2.963279  ,0.000000  ,0.000000  ,-0.041247 ,82.720000 ,-0.090869 ,3.216400  
29.720000 ,-34.707374,-8.683373 ,3.343679  ,0.000000  ,0.000000  ,-0.029847 ,82.720000 ,-0.079469 ,1.733070  
29.760000 ,-34.782463,-8.563645 ,3.724079  ,0.000000  ,0.000000  ,0.250787  ,82.820000 ,0.138000  ,1.447450  
29.800000 ,-34.856980,-8.428087 ,4.002631  ,0.000000  ,0.000000  ,0.088555  ,83.010000 ,-0.014547 ,1.854209  
29.840000 ,-34.931616,-8.280126 ,4.275269  ,0.000000  ,0.000000  ,-0.036381 ,83.110000 ,-0.130334 ,1.914440  
29.880000 ,-35.007881,-8.120842 ,4.546613  ,0.000000  ,0.000000  ,0.135084  ,83.200000 ,0.021966  ,1.557875  
29.920000 ,-35.083272,-7.952372 ,4.678140  ,0.000000  ,0.000000  ,0.085329  ,83.300000 ,-0.022957 ,1.575859  
29.960000 ,-35.157624,-7.777759 ,4.807222  ,0.000000  ,0.000000  ,0.034691  ,83.400000 ,-0.081251 ,1.561478  
30.000000 ,-35.231003,-7.598379 ,4.881029  ,0.000000  ,0.000000  ,-0.018118 ,83.500000 ,-0.156042 ,1.445453  
30.040000 ,-35.300020,-7.417072 ,4.826431  ,0.000000  ,0.000000  ,0.031884  ,83.590000 ,-0.094947 ,1.955707  
30.080000 ,-35.361842,-7.233557 ,4.855849  ,0.000000  ,0.000000  ,0.054800  ,83.590000 ,-0.045604 ,3.146260  
30.120000 ,-35.417236,-7.044506 ,4.990607  ,0.000000  ,0.000000  ,-0.034469 ,83.690000 ,-0.127162 ,3.803547  
30.160000 ,-35.467461,-6.848084 ,5.142303  ,0.000000  ,0.000000  ,-0.075109 ,83.790000 ,-0.175119 ,3.573167  
30.200000 ,-35.511266,-6.645312 ,5.228311  ,0.000000  ,0.000000  ,0.124096  ,83.880000 ,0.019821  ,3.514513  
30.240000 ,-35.545957,-6.438053 ,5.278356  ,0.000000  ,0.000000  ,-0.124597 ,83.980000 ,-0.225803 ,4.335051  
30.280000 ,-35.571906,-6.227371 ,5.334332  ,0.000000  ,0.000000  ,-0.032822 ,84.080000 ,-0.082444 ,4.941393  
30.320000 ,-35.589450,-6.007105 ,5.714732  ,0.000000  ,0.000000  ,0.034800  ,84.170000 ,-0.014823 ,4.337482  
30.360000 ,-35.599770,-5.771141 ,6.095131  ,0.000000  ,0.000000  ,0.084671  ,84.270000 ,0.029897  ,3.167299  
30.400000 ,-35.605390,-5.521860 ,6.364029  ,0.000000  ,0.000000  ,-0.064731 ,84.370000 ,-0.196344 ,2.115250  
30.440000 ,-35.608967,-5.274933 ,5.983629  ,0.000000  ,0.000000  ,0.148087  ,84.470000 ,-0.029053 ,1.357492  
30.480000 ,-35.608741,-5.043201 ,5.603229  ,0.000000  ,0.000000  ,-0.036432 ,84.560000 ,-0.086054 ,1.933910  
30.520000 ,-35.603818,-4.811520 ,5.983629  ,0.000000  ,0.000000  ,0.071055  ,84.660000 ,-0.115503 ,2.349162  
30.560000 ,-35.592899,-4.580051 ,5.603229  ,0.000000  ,0.000000  ,-0.055587 ,84.760000 ,-0.232622 ,3.563224  
30.600000 ,-35.574015,-4.364376 ,5.222829  ,0.000000  ,0.000000  ,-0.117911 ,84.850000 ,-0.266994 ,6.778705  
30.640000 ,-35.542479,-4.165296 ,4.883773  ,0.000000  ,0.000000  ,0.118300  ,84.950000 ,0.068678  ,11.701318 
30.680000 ,-35.487541,-3.970040 ,5.264173  ,0.000000  ,0.000000  ,0.147212  ,85.050000 ,0.112587  ,11.871298 
30.720000 ,-35.408134,-3.766886 ,5.644573  ,0.000000  ,0.000000  ,-0.093523 ,85.150000 ,-0.126376 ,8.363772  
30.760000 ,-35.311061,-3.554657 ,6.024973  ,0.000000  ,0.000000  ,0.061589  ,85.240000 ,0.017972  ,4.885677  
30.800000 ,-35.200495,-3.332446 ,6.374669  ,0.000000  ,0.000000  ,0.034792  ,85.340000 ,-0.040419 ,2.638831  
30.840000 ,-35.082830,-3.105739 ,6.395908  ,0.000000  ,0.000000  ,0.207000  ,85.440000 ,0.112899  ,1.600383  
30.880000 ,-34.965836,-2.886298 ,6.067458  ,0.000000  ,0.000000  ,0.061536  ,85.530000 ,-0.050893 ,1.577798  
30.920000 ,-34.854723,-2.679098 ,5.691556  ,0.000000  ,0.000000  ,0.011172  ,85.630000 ,-0.134281 ,1.337816  
30.960000 ,-34.749785,-2.485680 ,5.311156  ,0.000000  ,0.000000  ,-0.007083 ,85.730000 ,-0.209598 ,1.088116  
31.000000 ,-34.647290,-2.308340 ,4.930756  ,0.000000  ,0.000000  ,-0.084890 ,85.830000 ,-0.282790 ,2.541971  
31.040000 ,-34.544127,-2.149287 ,4.550356  ,0.000000  ,0.000000  ,-0.136536 ,85.920000 ,-0.201129 ,6.339166  
31.080000 ,-34.426925,-2.000313 ,4.930756  ,0.000000  ,0.000000  ,0.157456  ,86.020000 ,0.107834  ,7.631196  
31.120000 ,-34.287836,-1.849985 ,5.311156  ,0.000000  ,0.000000  ,0.011931  ,86.120000 ,-0.037691 ,6.114365  
31.160000 ,-34.130774,-1.695872 ,5.691556  ,0.000000  ,0.000000  ,0.149195  ,86.120000 ,0.099573  ,4.072895  
31.200000 ,-33.958882,-1.535236 ,6.071956  ,0.000000  ,0.000000  ,-0.030962 ,86.310000 ,-0.084132 ,2.146210  
31.240000 ,-33.775789,-1.366598 ,6.365187  ,0.000000  ,0.000000  ,-0.064365 ,86.410000 ,-0.137219 ,0.514659  
31.280000 ,-33.587758,-1.193668 ,6.406634  ,0.000000  ,0.000000  ,-0.074808 ,86.500000 ,-0.183929 ,0.309621  
31.320000 ,-33.402176,-1.028178 ,6.026234  ,0.000000  ,0.000000  ,0.097856  ,86.600000 ,0.048234  ,1.015184  
31.360000 ,-33.212182,-0.868410 ,6.375707  ,0.000000  ,0.000000  ,0.092038  ,86.700000 ,-0.005415 ,3.145338  
31.400000 ,-33.018244,-0.714540 ,6.019041  ,0.000000  ,0.000000  ,-0.027219 ,86.800000 ,-0.105011 ,5.415542  
31.440000 ,-32.824564,-0.569299 ,6.083938  ,0.000000  ,0.000000  ,0.010867  ,86.890000 ,-0.063611 ,6.028360  
31.480000 ,-32.623276,-0.429704 ,6.162324  ,0.000000  ,0.000000  ,0.074875  ,86.990000 ,-0.034637 ,5.221971  
31.520000 ,-32.422291,-0.300606 ,5.781924  ,0.000000  ,0.000000  ,-0.139758 ,87.090000 ,-0.242279 ,5.697562  
31.560000 ,-32.226011,-0.183852 ,5.654448  ,0.000000  ,0.000000  ,0.007177  ,87.180000 ,-0.102533 ,6.576619  
31.600000 ,-32.028973,-0.080503 ,5.493284  ,0.000000  ,0.000000  ,-0.066083 ,87.280000 ,-0.133132 ,7.759450  
31.640000 ,-31.823834,0.011333  ,5.738810  ,0.000000  ,0.000000  ,-0.090068 ,87.380000 ,-0.142050 ,7.444986  
31.680000 ,-31.602573,0.096228  ,6.103422  ,0.000000  ,0.000000  ,0.121789  ,87.480000 ,0.051608  ,5.509269  
31.720000 ,-31.368750,0.173886  ,6.213330  ,0.000000  ,0.000000  ,0.030044  ,87.570000 ,-0.070273 ,4.639583  
31.760000 ,-31.136948,0.241128  ,5.884309  ,0.000000  ,0.000000  ,-0.194174 ,87.670000 ,-0.267095 ,5.909330  
31.800000 ,-30.905970,0.298309  ,6.010361  ,0.000000  ,0.000000  ,-0.032611 ,87.770000 ,-0.089723 ,6.461746  
31.840000 ,-30.664982,0.346020  ,6.266326  ,0.000000  ,0.000000  ,-0.007775 ,87.960000 ,-0.056309 ,5.611001  
31.880000 ,-30.411083,0.385612  ,6.573288  ,0.000000  ,0.000000  ,0.048675  ,88.060000 ,0.002199  ,4.400005  
31.920000 ,-30.145118,0.419630  ,6.825900  ,0.000000  ,0.000000  ,0.149180  ,88.160000 ,0.098737  ,3.170902  
31.960000 ,-29.869798,0.450812  ,7.022192  ,0.000000  ,0.000000  ,0.092137  ,88.250000 ,0.024246  ,1.817012  
32.000000 ,-29.593116,0.482595  ,6.916650  ,0.000000  ,0.000000  ,0.017559  ,88.350000 ,-0.096107 ,0.112253  
32.040000 ,-29.326009,0.514937  ,6.536250  ,0.000000  ,0.000000  ,-0.064609 ,88.450000 ,-0.238426 ,2.027836  
32.080000 ,-29.073959,0.545039  ,6.155850  ,0.000000  ,0.000000  ,-0.220570 ,88.540000 ,-0.418037 ,2.353961  
32.120000 ,-28.836451,0.567955  ,5.775450  ,0.000000  ,0.000000  ,-0.055739 ,88.640000 ,-0.176530 ,0.806733  
32.160000 ,-28.613049,0.576185  ,5.424125  ,0.000000  ,0.000000  ,0.127783  ,88.740000 ,0.136813  ,-8.201439 
32.200000 ,-28.388954,0.563045  ,5.804525  ,0.000000  ,0.000000  ,-0.102795 ,88.830000 ,-0.053173 ,-11.665446
32.240000 ,-28.151712,0.528661  ,6.180654  ,0.000000  ,0.000000  ,0.186079  ,88.930000 ,0.235702  ,-9.247198 
32.280000 ,-27.902754,0.479074  ,6.502785  ,0.000000  ,0.000000  ,-0.062336 ,89.030000 ,-0.012713 ,-5.512757 
32.320000 ,-27.643536,0.421318  ,6.767881  ,0.000000  ,0.000000  ,-0.104361 ,89.130000 ,-0.054738 ,-2.104902 
32.360000 ,-27.375308,0.359719  ,6.986038  ,0.000000  ,0.000000  ,-0.136122 ,89.220000 ,-0.086499 ,-0.023909 
32.400000 ,-27.099703,0.294830  ,7.165569  ,0.000000  ,0.000000  ,0.086050  ,89.320000 ,0.135672  ,0.220360  
32.440000 ,-26.818319,0.226058  ,7.313313  ,0.000000  ,0.000000  ,0.137544  ,89.420000 ,0.187166  ,-0.849849 
32.480000 ,-26.532307,0.153639  ,7.434897  ,0.000000  ,0.000000  ,0.233183  ,89.510000 ,0.282805  ,-1.674456 
32.520000 ,-26.241801,0.080972  ,7.534953  ,0.000000  ,0.000000  ,0.032360  ,89.610000 ,0.081983  ,-0.531645 
32.560000 ,-25.946177,0.014159  ,7.617294  ,0.000000  ,0.000000  ,0.004341  ,89.710000 ,0.047213  ,3.166332  
32.600000 ,-25.645269,-0.041795 ,7.685056  ,0.000000  ,0.000000  ,-0.179222 ,89.900000 ,-0.165327 ,7.466810  
32.640000 ,-25.339857,-0.085552 ,7.740819  ,0.000000  ,0.000000  ,-0.153396 ,90.000000 ,-0.159382 ,9.546786  
32.680000 ,-25.031099,-0.119050 ,7.786710  ,0.000000  ,0.000000  ,0.067393  ,90.100000 ,0.058980  ,8.149946  
32.720000 ,-24.720170,-0.147692 ,7.824474  ,0.000000  ,0.000000  ,-0.032136 ,90.190000 ,-0.025191 ,3.819227  
32.760000 ,-24.407786,-0.175504 ,7.855553  ,0.000000  ,0.000000  ,-0.084808 ,90.390000 ,-0.058532 ,-0.646267 
32.800000 ,-24.094488,-0.205665 ,7.881129  ,0.000000  ,0.000000  ,-0.024791 ,90.490000 ,0.024622  ,-3.345718 
32.840000 ,-23.780929,-0.242133 ,7.902176  ,0.000000  ,0.000000  ,-0.001663 ,90.580000 ,0.087352  ,-4.793752 
32.880000 ,-23.475138,-0.282755 ,7.521776  ,0.000000  ,0.000000  ,0.078152  ,90.680000 ,0.205727  ,-5.464165 
32.920000 ,-23.184750,-0.323712 ,7.141376  ,0.000000  ,0.000000  ,0.215668  ,90.780000 ,0.360730  ,-4.926710 
32.960000 ,-22.909205,-0.360898 ,6.760976  ,0.000000  ,0.000000  ,-0.157791 ,90.970000 ,-0.053810 ,-1.675498 
33.000000 ,-22.647603,-0.385889 ,6.380576  ,0.000000  ,0.000000  ,0.099335  ,91.070000 ,0.102217  ,5.934026  
33.040000 ,-22.386618,-0.392349 ,6.667309  ,0.000000  ,0.000000  ,-0.073892 ,91.170000 ,-0.123515 ,11.703499 
33.080000 ,-22.115465,-0.378596 ,6.903274  ,0.000000  ,0.000000  ,0.005757  ,91.260000 ,-0.043866 ,11.644231 
33.120000 ,-21.836944,-0.348786 ,7.097459  ,0.000000  ,0.000000  ,0.010890  ,91.360000 ,-0.038732 ,8.415095  
33.160000 ,-21.552467,-0.309429 ,7.257262  ,0.000000  ,0.000000  ,-0.082692 ,91.460000 ,-0.132314 ,4.203534  
33.200000 ,-21.262784,-0.265463 ,7.388770  ,0.000000  ,0.000000  ,0.035751  ,91.550000 ,-0.005794 ,0.816114  
33.240000 ,-20.968033,-0.223116 ,7.496994  ,0.000000  ,0.000000  ,-0.126131 ,91.650000 ,-0.153158 ,2.014457  
33.280000 ,-20.668797,-0.184538 ,7.586056  ,0.000000  ,0.000000  ,-0.164941 ,91.840000 ,-0.181532 ,3.536867  
33.320000 ,-20.365605,-0.151917 ,7.659348  ,0.000000  ,0.000000  ,0.087103  ,91.940000 ,0.079139  ,4.277497  
33.360000 ,-20.058780,-0.130145 ,7.719664  ,0.000000  ,0.000000  ,-0.047126 ,92.040000 ,-0.038071 ,-6.001644 
33.400000 ,-19.749158,-0.119834 ,7.769300  ,0.000000  ,0.000000  ,-0.034063 ,92.140000 ,-0.008802 ,-7.478582 
33.440000 ,-19.437560,-0.120222 ,7.810147  ,0.000000  ,0.000000  ,0.201838  ,92.230000 ,0.235963  ,-7.477334 
33.480000 ,-19.124625,-0.130094 ,7.843762  ,0.000000  ,0.000000  ,0.050371  ,92.430000 ,0.086374  ,-6.153987 
33.520000 ,-18.810645,-0.144707 ,7.871426  ,0.000000  ,0.000000  ,0.041509  ,92.520000 ,0.068264  ,-3.222680 
33.560000 ,-18.495664,-0.159453 ,7.894191  ,0.000000  ,0.000000  ,-0.164561 ,92.620000 ,-0.154084 ,0.424315  
33.600000 ,-18.179720,-0.170866 ,7.912925  ,0.000000  ,0.000000  ,0.011166  ,92.720000 ,0.005658  ,3.380786  
33.640000 ,-17.862951,-0.177152 ,7.928343  ,0.000000  ,0.000000  ,0.029514  ,92.910000 ,0.014248  ,4.627455  
33.680000 ,-17.545561,-0.177581 ,7.941030  ,0.000000  ,0.000000  ,0.074377  ,93.010000 ,0.055095  ,4.463643  
33.720000 ,-17.227760,-0.171916 ,7.951471  ,0.000000  ,0.000000  ,0.121432  ,93.110000 ,0.100018  ,3.836179  
33.760000 ,-16.909797,-0.158953 ,7.960064  ,0.000000  ,0.000000  ,0.263601  ,93.300000 ,0.235720  ,3.955559  
33.800000 ,-16.592009,-0.137128 ,7.967135  ,0.000000  ,0.000000  ,-0.078864 ,93.400000 ,-0.119190 ,5.122582  
33.840000 ,-16.275071,-0.102957 ,7.972954  ,0.000000  ,0.000000  ,0.113279  ,93.500000 ,0.063656  ,7.535097  
33.880000 ,-15.959908,-0.053706 ,7.977743  ,0.000000  ,0.000000  ,0.155615  ,93.590000 ,0.068066  ,10.101822 
33.920000 ,-15.654894,0.009360  ,7.597343  ,0.000000  ,0.000000  ,0.108594  ,93.790000 ,-0.086923 ,13.713508 
33.960000 ,-15.369111,0.087299  ,7.216943  ,0.000000  ,0.000000  ,0.196157  ,93.880000 ,-0.203843 ,19.771133 
34.000000 ,-15.104663,0.182279  ,6.836543  ,0.000000  ,0.000000  ,-0.096313 ,93.980000 ,-0.496313 ,26.375971 
34.040000 ,-14.863395,0.293720  ,6.456143  ,0.000000  ,0.000000  ,-0.105485 ,94.080000 ,-0.505485 ,30.956830 
34.080000 ,-14.646378,0.418950  ,6.075743  ,0.000000  ,0.000000  ,-0.005000 ,94.170000 ,-0.405000 ,31.663936 
34.120000 ,-14.452362,0.552214  ,5.695343  ,0.000000  ,0.000000  ,-0.057398 ,94.270000 ,-0.457398 ,27.579064 
34.160000 ,-14.278501,0.687325  ,5.314943  ,0.000000  ,0.000000  ,-0.036297 ,94.270000 ,-0.436297 ,19.630312 
34.200000 ,-14.119259,0.816409  ,4.934543  ,0.000000  ,0.000000  ,-0.074561 ,94.370000 ,-0.474561 ,9.160215  
34.240000 ,-14.005351,0.904258  ,0.026075  ,0.000000  ,0.000000  ,-0.026667 ,94.470000 ,-0.279565 ,-37.650716
34.280000 ,-13.996700,0.904206  ,0.406475  ,0.000000  ,0.000000  ,0.164662  ,94.470000 ,-0.070062 ,-0.312245 
34.320000 ,-13.972996,0.901711  ,0.786875  ,0.000000  ,0.000000  ,0.071622  ,94.470000 ,-0.131509 ,4.297149  
34.360000 ,-13.934305,0.896198  ,1.167275  ,0.000000  ,0.000000  ,0.041037  ,94.470000 ,-0.122773 ,5.142975  
34.400000 ,-13.880457,0.889214  ,1.547675  ,0.000000  ,0.000000  ,-0.054392 ,94.470000 ,-0.179979 ,3.236715  
34.440000 ,-13.811585,0.879786  ,1.928075  ,0.000000  ,0.000000  ,-0.113270 ,94.470000 ,-0.193898 ,2.315357  
34.480000 ,-13.727970,0.866101  ,2.308475  ,0.000000  ,0.000000  ,-0.081817 ,94.560000 ,-0.119921 ,1.945589  
34.520000 ,-13.629901,0.846835  ,2.688875  ,0.000000  ,0.000000  ,-0.010361 ,94.560000 ,-0.024637 ,1.534867  
34.560000 ,-13.517400,0.822222  ,3.069275  ,0.000000  ,0.000000  ,0.010601  ,94.660000 ,0.018375  ,0.830167  
34.600000 ,-13.390302,0.793158  ,3.449675  ,0.000000  ,0.000000  ,0.001538  ,94.660000 ,0.025120  ,0.231458  
34.640000 ,-13.248358,0.760761  ,3.830075  ,0.000000  ,0.000000  ,0.063424  ,94.760000 ,0.095415  ,-0.016818 
34.680000 ,-13.091423,0.725667  ,4.210475  ,0.000000  ,0.000000  ,0.038513  ,94.760000 ,0.074873  ,0.027629  
34.720000 ,-12.919253,0.689023  ,4.590875  ,0.000000  ,0.000000  ,-0.058266 ,94.850000 ,-0.022310 ,0.315040  
34.760000 ,-12.731738,0.651456  ,4.971275  ,0.000000  ,0.000000  ,0.119587  ,94.950000 ,0.154256  ,0.624884  
34.800000 ,-12.529028,0.612288  ,5.351675  ,0.000000  ,0.000000  ,0.065506  ,94.950000 ,0.104798  ,0.588300  
34.840000 ,-12.311136,0.571517  ,5.732075  ,0.000000  ,0.000000  ,-0.094090 ,95.050000 ,-0.050875 ,0.546578  
34.880000 ,-12.077774,0.530812  ,6.111649  ,0.000000  ,0.000000  ,0.028402  ,95.150000 ,0.067117  ,0.863545  
34.920000 ,-11.829857,0.489370  ,6.445998  ,0.000000  ,0.000000  ,-0.007311 ,95.240000 ,0.029770  ,0.864680  
34.960000 ,-11.569690,0.447538  ,6.721148  ,0.000000  ,0.000000  ,-0.021722 ,95.340000 ,0.014269  ,0.779375  
35.000000 ,-11.299327,0.406149  ,6.947580  ,0.000000  ,0.000000  ,-0.128233 ,95.440000 ,-0.094270 ,0.830985  
35.040000 ,-11.020651,0.364689  ,7.133921  ,0.000000  ,0.000000  ,-0.080630 ,95.630000 ,-0.047053 ,0.703940  
35.080000 ,-10.735383,0.321518  ,7.287268  ,0.000000  ,0.000000  ,0.110546  ,95.730000 ,0.148704  ,-0.141272 
35.120000 ,-10.444925,0.275437  ,7.413463  ,0.000000  ,0.000000  ,-0.060557 ,95.830000 ,-0.015630 ,-1.203967 
35.160000 ,-10.150100,0.227610  ,7.517315  ,0.000000  ,0.000000  ,-0.142007 ,95.920000 ,-0.095841 ,-1.248984 
35.200000 ,-9.851682 ,0.178369  ,7.602779  ,0.000000  ,0.000000  ,-0.084786 ,96.020000 ,-0.040373 ,-0.667019 
35.240000 ,-9.550634 ,0.126062  ,7.673110  ,0.000000  ,0.000000  ,0.007343  ,96.120000 ,0.055184  ,-0.910526 
35.280000 ,-9.247623 ,0.070206  ,7.730989  ,0.000000  ,0.000000  ,-0.146380 ,96.310000 ,-0.096757 ,-1.709744 
35.320000 ,-8.942835 ,0.012400  ,7.778620  ,0.000000  ,0.000000  ,-0.124796 ,96.410000 ,-0.075173 ,-1.618302 
35.360000 ,-8.636671 ,-0.047407 ,7.817817  ,0.000000  ,0.000000  ,-0.058609 ,96.500000 ,-0.008987 ,-1.139693 
35.400000 ,-8.329802 ,-0.110937 ,7.850074  ,0.000000  ,0.000000  ,0.165105  ,96.600000 ,0.214727  ,-1.475669 
35.440000 ,-8.022226 ,-0.176804 ,7.876620  ,0.000000  ,0.000000  ,-0.159019 ,96.800000 ,-0.015951 ,-1.628736 
35.480000 ,-7.721254 ,-0.239607 ,7.496220  ,0.000000  ,0.000000  ,-0.141064 ,96.890000 ,-0.015718 ,-0.071140 
35.520000 ,-7.434585 ,-0.296401 ,7.115820  ,0.000000  ,0.000000  ,-0.104995 ,96.990000 ,-0.020615 ,2.566186  
35.560000 ,-7.162368 ,-0.347772 ,6.735420  ,0.000000  ,0.000000  ,-0.088001 ,97.090000 ,-0.017953 ,4.628403  
35.600000 ,-6.896912 ,-0.393416 ,6.732692  ,0.000000  ,0.000000  ,-0.043491 ,97.180000 ,0.025673  ,4.811804  
35.640000 ,-6.630580 ,-0.434318 ,6.739943  ,0.000000  ,0.000000  ,0.028573  ,97.280000 ,0.100336  ,3.448794  
35.680000 ,-6.364590 ,-0.470407 ,6.688336  ,0.000000  ,0.000000  ,-0.004635 ,97.480000 ,0.080677  ,2.438226  
35.720000 ,-6.105820 ,-0.499285 ,6.360260  ,0.000000  ,0.000000  ,0.023332  ,97.570000 ,0.083627  ,3.392948  
35.760000 ,-5.848978 ,-0.519887 ,6.518880  ,0.000000  ,0.000000  ,-0.047055 ,97.670000 ,-0.014319 ,4.693268  
35.800000 ,-5.583110 ,-0.532077 ,6.781126  ,0.000000  ,0.000000  ,-0.238809 ,97.770000 ,-0.221329 ,4.727387  
35.840000 ,-5.307480 ,-0.537765 ,6.996938  ,0.000000  ,0.000000  ,0.176384  ,97.860000 ,0.193892  ,3.598837  
35.880000 ,-5.023957 ,-0.540664 ,7.174539  ,0.000000  ,0.000000  ,-0.041765 ,97.960000 ,-0.012612 ,1.563809  
35.920000 ,-4.733976 ,-0.543343 ,7.320694  ,0.000000  ,0.000000  ,-0.111319 ,98.060000 ,-0.065682 ,-0.290193 
35.960000 ,-4.438688 ,-0.546642 ,7.440972  ,0.000000  ,0.000000  ,-0.039956 ,98.160000 ,0.018783  ,-1.117159 
36.000000 ,-4.142264 ,-0.552812 ,7.390154  ,0.000000  ,0.000000  ,0.055181  ,98.250000 ,0.137776  ,-1.827935 
36.040000 ,-3.854367 ,-0.560437 ,7.009754  ,0.000000  ,0.000000  ,-0.033267 ,98.450000 ,0.064532  ,-2.159322 
36.080000 ,-3.581646 ,-0.566147 ,6.629354  ,0.000000  ,0.000000  ,0.118931  ,98.540000 ,0.190905  ,-0.873378 
36.120000 ,-3.316451 ,-0.568841 ,6.631170  ,0.000000  ,0.000000  ,0.065022  ,98.640000 ,0.100464  ,1.484993  
36.160000 ,-3.046253 ,-0.564773 ,6.873533  ,0.000000  ,0.000000  ,0.150724  ,98.740000 ,0.152548  ,3.743435  
36.200000 ,-2.767557 ,-0.550963 ,7.072984  ,0.000000  ,0.000000  ,0.030052  ,98.830000 ,0.006764  ,5.149464  
36.240000 ,-2.482395 ,-0.525665 ,7.237121  ,0.000000  ,0.000000  ,0.065518  ,98.930000 ,0.017461  ,6.032197  
36.280000 ,-2.192414 ,-0.489269 ,7.372195  ,0.000000  ,0.000000  ,-0.140906 ,99.130000 ,-0.190528 ,6.033874  
36.320000 ,-1.898773 ,-0.443608 ,7.483354  ,0.000000  ,0.000000  ,-0.054534 ,99.220000 ,-0.104157 ,5.087646  
36.360000 ,-1.601914 ,-0.392546 ,7.574831  ,0.000000  ,0.000000  ,0.005376  ,99.320000 ,-0.044246 ,2.938370  
36.400000 ,-1.301817 ,-0.340687 ,7.650111  ,0.000000  ,0.000000  ,-0.142509 ,99.420000 ,-0.185214 ,0.018712  
36.440000 ,-0.998634 ,-0.290685 ,7.712062  ,0.000000  ,0.000000  ,-0.108541 ,99.610000 ,-0.138756 ,2.394365  
36.480000 ,-0.692149 ,-0.247448 ,7.763044  ,0.000000  ,0.000000  ,-0.194868 ,99.710000 ,-0.203102 ,4.710259  
36.520000 ,-0.382474 ,-0.215051 ,7.804999  ,0.000000  ,0.000000  ,-0.066473 ,99.810000 ,-0.060508 ,-7.115990 
