# laptime, ego_x_pos, ego_y_pos, actual speed, expected speed, tracking error, nosie, completion, steering, slip_angle
0.000000  ,0.211887  ,0.039303  ,0.000000  ,0.000000  ,0.000000  ,-0.002191 ,0.100000  ,-0.005400 ,35.174655 
0.040000  ,0.218828  ,0.039390  ,0.361380  ,0.000000  ,0.000000  ,-0.000455 ,0.100000  ,-0.003599 ,0.008609  
0.080000  ,0.240891  ,0.039565  ,0.741780  ,0.000000  ,0.000000  ,-0.008517 ,0.100000  ,-0.011410 ,0.196471  
0.120000  ,0.278170  ,0.039706  ,1.122180  ,0.000000  ,0.000000  ,0.005971  ,0.100000  ,0.003469  ,0.349266  
0.160000  ,0.330664  ,0.039912  ,1.502580  ,0.000000  ,0.000000  ,0.008997  ,0.190000  ,0.006824  ,0.265759  
0.200000  ,0.398372  ,0.040647  ,1.882980  ,0.000000  ,0.000000  ,-0.005597 ,0.190000  ,-0.008133 ,0.050460  
0.240000  ,0.481291  ,0.041792  ,2.263380  ,0.000000  ,0.000000  ,-0.013626 ,0.190000  ,-0.016586 ,0.126341  
0.280000  ,0.579429  ,0.042772  ,2.643780  ,0.000000  ,0.000000  ,0.004733  ,0.290000  ,0.002181  ,0.001689  
0.320000  ,0.692785  ,0.043591  ,3.024180  ,0.000000  ,0.000000  ,0.010213  ,0.290000  ,0.008171  ,0.045214  
0.360000  ,0.821354  ,0.044824  ,3.404580  ,0.000000  ,0.000000  ,-0.018603 ,0.390000  ,-0.021097 ,0.009606  
0.400000  ,0.965135  ,0.046539  ,3.784980  ,0.000000  ,0.000000  ,-0.008900 ,0.390000  ,-0.012000 ,0.009693  
0.440000  ,1.124134  ,0.048188  ,4.165380  ,0.000000  ,0.000000  ,-0.006003 ,0.490000  ,-0.008637 ,0.006243  
0.480000  ,1.298352  ,0.049562  ,4.545780  ,0.000000  ,0.000000  ,0.002609  ,0.580000  ,0.000924  ,0.075856  
0.520000  ,1.487788  ,0.050604  ,4.926180  ,0.000000  ,0.000000  ,-0.012445 ,0.680000  ,-0.013326 ,0.119705  
0.560000  ,1.692440  ,0.051749  ,5.306580  ,0.000000  ,0.000000  ,0.001017  ,0.680000  ,-0.000107 ,0.071440  
0.600000  ,1.912310  ,0.052605  ,5.686980  ,0.000000  ,0.000000  ,-0.004932 ,0.780000  ,-0.005559 ,0.085553  
0.640000  ,2.147396  ,0.052990  ,6.067380  ,0.000000  ,0.000000  ,-0.001295 ,0.870000  ,-0.000942 ,-0.174530 
0.680000  ,2.397143  ,0.052727  ,6.409568  ,0.000000  ,0.000000  ,-0.007993 ,0.970000  ,-0.006504 ,-0.273304 
0.720000  ,2.659327  ,0.051623  ,6.691168  ,0.000000  ,0.000000  ,0.000009  ,1.170000  ,0.002740  ,-0.368539 
0.760000  ,2.931742  ,0.049623  ,6.922908  ,0.000000  ,0.000000  ,-0.002715 ,1.260000  ,0.001007  ,-0.408561 
0.800000  ,3.212580  ,0.047415  ,7.113617  ,0.000000  ,0.000000  ,-0.004786 ,1.360000  ,-0.001901 ,-0.190681 
0.840000  ,3.500351  ,0.045324  ,7.270559  ,0.000000  ,0.000000  ,0.008491  ,1.460000  ,0.009916  ,0.102164  
0.880000  ,3.793827  ,0.043068  ,7.399713  ,0.000000  ,0.000000  ,0.011469  ,1.650000  ,0.012847  ,0.138429  
0.920000  ,4.092001  ,0.041385  ,7.505999  ,0.000000  ,0.000000  ,-0.003676 ,1.750000  ,-0.003335 ,0.253188  
0.960000  ,4.394042  ,0.040436  ,7.593466  ,0.000000  ,0.000000  ,-0.000868 ,1.840000  ,-0.001922 ,0.421454  
1.000000  ,4.699263  ,0.039579  ,7.665447  ,0.000000  ,0.000000  ,0.005953  ,1.940000  ,0.005511  ,0.266812  
1.040000  ,5.007100  ,0.038613  ,7.724682  ,0.000000  ,0.000000  ,0.001305  ,2.040000  ,0.002349  ,-0.044881 
1.080000  ,5.317091  ,0.038032  ,7.773430  ,0.000000  ,0.000000  ,-0.004899 ,2.230000  ,-0.004247 ,-0.029553 
1.120000  ,5.628855  ,0.037854  ,7.813546  ,0.000000  ,0.000000  ,0.009318  ,2.330000  ,0.008686  ,0.181851  
1.160000  ,5.942077  ,0.037599  ,7.846559  ,0.000000  ,0.000000  ,-0.008559 ,2.430000  ,-0.009085 ,0.172307  
1.200000  ,6.256499  ,0.037881  ,7.873727  ,0.000000  ,0.000000  ,-0.002595 ,2.520000  ,-0.003765 ,0.217735  
1.240000  ,6.571909  ,0.037969  ,7.896085  ,0.000000  ,0.000000  ,0.009354  ,2.720000  ,0.009132  ,0.041889  
1.280000  ,6.888131  ,0.037655  ,7.914484  ,0.000000  ,0.000000  ,0.010437  ,2.820000  ,0.011849  ,-0.249248 
1.320000  ,7.205023  ,0.037493  ,7.929626  ,0.000000  ,0.000000  ,0.010353  ,2.910000  ,0.011362  ,-0.186924 
1.360000  ,7.522464  ,0.037705  ,7.942086  ,0.000000  ,0.000000  ,0.004046  ,3.010000  ,0.003198  ,0.159076  
1.400000  ,7.840357  ,0.038740  ,7.952340  ,0.000000  ,0.000000  ,0.003161  ,3.200000  ,-0.000271 ,0.586175  
1.440000  ,8.158617  ,0.040988  ,7.960779  ,0.000000  ,0.000000  ,0.000576  ,3.300000  ,-0.005268 ,0.903554  
1.480000  ,8.477178  ,0.043915  ,7.967723  ,0.000000  ,0.000000  ,0.001423  ,3.500000  ,-0.004286 ,0.749711  
1.520000  ,8.795987  ,0.047186  ,7.973438  ,0.000000  ,0.000000  ,-0.002133 ,3.590000  ,-0.005992 ,0.273163  
1.560000  ,9.115008  ,0.050186  ,7.978141  ,0.000000  ,0.000000  ,0.003107  ,3.690000  ,0.001962  ,0.282623  
1.600000  ,9.434206  ,0.052362  ,7.982011  ,0.000000  ,0.000000  ,0.004147  ,3.790000  ,0.005631  ,-0.708336 
1.640000  ,9.753547  ,0.054111  ,7.985196  ,0.000000  ,0.000000  ,-0.000391 ,3.980000  ,0.000435  ,-0.634543 
1.680000  ,10.073005 ,0.055669  ,7.987818  ,0.000000  ,0.000000  ,0.005187  ,4.080000  ,0.007177  ,0.211146  
1.720000  ,10.392556 ,0.057579  ,7.989975  ,0.000000  ,0.000000  ,0.008977  ,4.170000  ,-0.011680 ,0.312994  
1.760000  ,10.712180 ,0.060355  ,7.991750  ,0.000000  ,0.000000  ,-0.005201 ,4.270000  ,-0.029435 ,0.722081  
1.800000  ,11.031864 ,0.063574  ,7.993210  ,0.000000  ,0.000000  ,0.018697  ,4.470000  ,0.012289  ,0.639884  
1.840000  ,11.351597 ,0.067151  ,7.994413  ,0.000000  ,0.000000  ,-0.003797 ,4.560000  ,-0.007765 ,0.291143  
1.880000  ,11.671365 ,0.071423  ,7.995402  ,0.000000  ,0.000000  ,0.000789  ,4.660000  ,-0.003544 ,0.166069  
1.920000  ,11.991173 ,0.075421  ,7.996216  ,0.000000  ,0.000000  ,0.000379  ,4.850000  ,-0.002728 ,0.077687  
1.960000  ,12.311018 ,0.078700  ,7.996886  ,0.000000  ,0.000000  ,-0.004801 ,4.950000  ,-0.005514 ,0.466918  
2.000000  ,12.630898 ,0.080760  ,7.997437  ,0.000000  ,0.000000  ,-0.009319 ,5.050000  ,-0.007215 ,-0.873903 
2.040000  ,12.950804 ,0.081081  ,7.997891  ,0.000000  ,0.000000  ,0.001128  ,5.150000  ,0.006168  ,-1.226986 
2.080000  ,13.270723 ,0.079371  ,7.998265  ,0.000000  ,0.000000  ,-0.006564 ,5.340000  ,0.000867  ,-1.423968 
2.120000  ,13.590645 ,0.076323  ,7.998572  ,0.000000  ,0.000000  ,-0.002127 ,5.440000  ,0.007341  ,-1.143343 
2.160000  ,13.910569 ,0.072436  ,7.998825  ,0.000000  ,0.000000  ,0.003137  ,5.530000  ,-0.010161 ,-0.552657 
2.200000  ,14.230500 ,0.068308  ,7.999033  ,0.000000  ,0.000000  ,0.000170  ,5.730000  ,-0.016388 ,0.018073  
2.240000  ,14.550432 ,0.063724  ,7.999204  ,0.000000  ,0.000000  ,0.007104  ,5.830000  ,0.012666  ,0.113867  
2.280000  ,14.870366 ,0.058827  ,7.999345  ,0.000000  ,0.000000  ,0.022451  ,5.920000  ,0.027405  ,-0.077242 
2.320000  ,15.190310 ,0.054313  ,7.999461  ,0.000000  ,0.000000  ,-0.006053 ,6.020000  ,-0.019450 ,0.001784  
2.360000  ,15.510265 ,0.050262  ,7.999556  ,0.000000  ,0.000000  ,0.009055  ,6.210000  ,0.009491  ,0.251774  
2.400000  ,15.830223 ,0.046209  ,7.999635  ,0.000000  ,0.000000  ,-0.005800 ,6.310000  ,-0.019780 ,0.251195  
2.440000  ,16.150191 ,0.042804  ,7.999700  ,0.000000  ,0.000000  ,-0.011995 ,6.410000  ,-0.031886 ,0.297854  
2.480000  ,16.470161 ,0.039294  ,7.999753  ,0.000000  ,0.000000  ,-0.005069 ,6.500000  ,-0.024451 ,0.109060  
2.520000  ,16.790127 ,0.035303  ,7.999797  ,0.000000  ,0.000000  ,0.006195  ,6.700000  ,-0.009698 ,-0.284844 
2.560000  ,17.110081 ,0.030326  ,7.999833  ,0.000000  ,0.000000  ,-0.015826 ,6.800000  ,-0.028302 ,-0.722002 
2.600000  ,17.430008 ,0.023803  ,7.999862  ,0.000000  ,0.000000  ,-0.007837 ,6.990000  ,-0.025056 ,-1.111903 
2.640000  ,17.749888 ,0.015237  ,7.999887  ,0.000000  ,0.000000  ,-0.008417 ,7.090000  ,-0.015285 ,-1.422153 
2.680000  ,18.069693 ,0.004233  ,7.999907  ,0.000000  ,0.000000  ,0.004298  ,7.180000  ,-0.001078 ,-1.650657 
2.720000  ,18.389394 ,-0.009499 ,7.999923  ,0.000000  ,0.000000  ,0.012681  ,7.380000  ,-0.003485 ,-1.808871 
2.760000  ,18.708956 ,-0.026160 ,7.999937  ,0.000000  ,0.000000  ,-0.009138 ,7.480000  ,-0.020596 ,-1.912436 
2.800000  ,19.028344 ,-0.045880 ,7.999948  ,0.000000  ,0.000000  ,0.006184  ,7.570000  ,0.013293  ,-1.976457 
2.840000  ,19.347535 ,-0.068579 ,7.999957  ,0.000000  ,0.000000  ,0.004134  ,7.770000  ,0.045378  ,-1.934359 
2.880000  ,19.666582 ,-0.093234 ,7.999965  ,0.000000  ,0.000000  ,-0.004935 ,7.860000  ,0.022114  ,-1.458393 
2.920000  ,19.985605 ,-0.118208 ,7.999971  ,0.000000  ,0.000000  ,-0.002837 ,7.960000  ,0.016433  ,-0.369464 
2.960000  ,20.304663 ,-0.142723 ,7.999976  ,0.000000  ,0.000000  ,-0.001381 ,8.060000  ,-0.012549 ,0.675704  
3.000000  ,20.623821 ,-0.165908 ,7.999980  ,0.000000  ,0.000000  ,-0.005732 ,8.250000  ,0.003044  ,1.289405  
3.040000  ,20.943072 ,-0.187769 ,7.999984  ,0.000000  ,0.000000  ,0.017739  ,8.350000  ,-0.002039 ,1.290738  
3.080000  ,21.262453 ,-0.207658 ,7.999987  ,0.000000  ,0.000000  ,0.008304  ,8.540000  ,-0.072230 ,1.180953  
3.120000  ,21.574292 ,-0.226231 ,7.619587  ,0.000000  ,0.000000  ,0.004770  ,8.640000  ,-0.044852 ,0.912457  
3.160000  ,21.879859 ,-0.245456 ,7.686942  ,0.000000  ,0.000000  ,0.008007  ,8.740000  ,-0.041615 ,-0.115505 
3.200000  ,22.187730 ,-0.266924 ,7.742372  ,0.000000  ,0.000000  ,0.004363  ,8.930000  ,-0.105907 ,-1.444821 
3.240000  ,22.488782 ,-0.291855 ,7.361972  ,0.000000  ,0.000000  ,0.015840  ,9.030000  ,-0.065715 ,-3.358047 
3.280000  ,22.773855 ,-0.323783 ,6.981572  ,0.000000  ,0.000000  ,-0.009292 ,9.220000  ,-0.084845 ,-7.240390 
3.320000  ,23.043387 ,-0.365720 ,6.695801  ,0.000000  ,0.000000  ,0.010525  ,9.320000  ,-0.049613 ,-12.054969
3.360000  ,23.306712 ,-0.424708 ,6.796680  ,0.000000  ,0.000000  ,0.001317  ,9.420000  ,-0.054799 ,-13.436115
3.400000  ,23.569759 ,-0.503057 ,6.925111  ,0.000000  ,0.000000  ,-0.001301 ,9.610000  ,-0.350017 ,-11.215926
3.440000  ,23.822964 ,-0.594935 ,6.544711  ,0.000000  ,0.000000  ,-0.013711 ,9.710000  ,-0.391947 ,-10.828689
3.480000  ,24.055010 ,-0.698470 ,6.164311  ,0.000000  ,0.000000  ,0.006279  ,9.810000  ,-0.393105 ,-15.128528
3.520000  ,24.260453 ,-0.820114 ,5.783911  ,0.000000  ,0.000000  ,0.003061  ,9.900000  ,-0.098436 ,-24.307655
3.560000  ,24.432149 ,-0.970660 ,5.671342  ,0.000000  ,0.000000  ,-0.016646 ,10.000000 ,-0.061944 ,-33.376754
3.600000  ,24.568701 ,-1.160707 ,6.051742  ,0.000000  ,0.000000  ,-0.005613 ,10.100000 ,-0.009363 ,-28.867277
3.640000  ,24.678624 ,-1.384159 ,6.396698  ,0.000000  ,0.000000  ,-0.003617 ,10.190000 ,-0.011447 ,-16.997514
3.680000  ,24.774181 ,-1.627778 ,6.680577  ,0.000000  ,0.000000  ,-0.018337 ,10.390000 ,-0.047413 ,-7.342370 
3.720000  ,24.865430 ,-1.884052 ,6.914193  ,0.000000  ,0.000000  ,0.013228  ,10.490000 ,-0.035907 ,-1.619555 
3.760000  ,24.956987 ,-2.149220 ,7.106445  ,0.000000  ,0.000000  ,0.012178  ,10.580000 ,-0.076050 ,0.582169  
3.800000  ,25.045950 ,-2.411175 ,6.726045  ,0.000000  ,0.000000  ,-0.001164 ,10.780000 ,-0.109577 ,0.518149  
3.840000  ,25.127229 ,-2.659651 ,6.345645  ,0.000000  ,0.000000  ,0.005751  ,10.870000 ,-0.054542 ,-1.216460 
3.880000  ,25.201806 ,-2.905739 ,6.506870  ,0.000000  ,0.000000  ,0.005930  ,10.970000 ,-0.007238 ,-3.315615 
3.920000  ,25.272286 ,-3.161938 ,6.771242  ,0.000000  ,0.000000  ,-0.008697 ,11.070000 ,-0.022967 ,-3.906603 
3.960000  ,25.339629 ,-3.428905 ,6.988804  ,0.000000  ,0.000000  ,0.006707  ,11.260000 ,0.082581  ,-3.209175 
4.000000  ,25.402163 ,-3.694579 ,6.693190  ,0.000000  ,0.000000  ,0.004894  ,11.260000 ,0.054517  ,-2.803394 
4.040000  ,25.462855 ,-3.960230 ,6.924572  ,0.000000  ,0.000000  ,-0.006258 ,11.460000 ,0.145812  ,-1.630612 
4.080000  ,25.522997 ,-4.222804 ,6.544172  ,0.000000  ,0.000000  ,-0.002342 ,11.650000 ,0.248837  ,0.199108  
4.120000  ,25.584999 ,-4.469273 ,6.163772  ,0.000000  ,0.000000  ,-0.000622 ,11.750000 ,0.267702  ,3.607528  
4.160000  ,25.655095 ,-4.697645 ,5.783372  ,0.000000  ,0.000000  ,0.002566  ,11.940000 ,0.052189  ,9.820002  
4.200000  ,25.745988 ,-4.918499 ,6.160507  ,0.000000  ,0.000000  ,0.003614  ,11.940000 ,0.073733  ,12.544727 
4.240000  ,25.860558 ,-5.138927 ,6.260834  ,0.000000  ,0.000000  ,-0.014199 ,12.140000 ,0.036111  ,11.440479 
4.280000  ,25.994068 ,-5.357993 ,6.559042  ,0.000000  ,0.000000  ,0.011343  ,12.230000 ,0.082294  ,8.616633  
4.320000  ,26.141403 ,-5.575621 ,6.581785  ,0.000000  ,0.000000  ,-0.002601 ,12.330000 ,0.083455  ,6.009658  
4.360000  ,26.293840 ,-5.782184 ,6.291222  ,0.000000  ,0.000000  ,-0.000450 ,12.430000 ,0.087977  ,6.120277  
4.400000  ,26.449260 ,-5.975075 ,6.118127  ,0.000000  ,0.000000  ,0.008538  ,12.620000 ,0.085106  ,7.678542  
4.440000  ,26.613023 ,-6.158454 ,6.174519  ,0.000000  ,0.000000  ,0.003879  ,12.720000 ,0.082050  ,8.195510  
4.480000  ,26.787542 ,-6.334185 ,6.209137  ,0.000000  ,0.000000  ,-0.018063 ,12.820000 ,0.043600  ,7.730930  
4.520000  ,26.973590 ,-6.503962 ,6.380144  ,0.000000  ,0.000000  ,-0.009286 ,12.910000 ,0.053738  ,6.540039  
4.560000  ,27.170587 ,-6.670268 ,6.507043  ,0.000000  ,0.000000  ,0.007710  ,13.010000 ,0.104611  ,5.010741  
4.600000  ,27.368809 ,-6.826939 ,6.126643  ,0.000000  ,0.000000  ,-0.003273 ,13.110000 ,0.085873  ,5.161658  
4.640000  ,27.565633 ,-6.969342 ,6.033489  ,0.000000  ,0.000000  ,-0.008767 ,13.200000 ,0.037814  ,6.871081  
4.680000  ,27.773625 ,-7.105317 ,6.381677  ,0.000000  ,0.000000  ,0.002247  ,13.300000 ,0.045045  ,6.379193  
4.720000  ,27.997333 ,-7.240077 ,6.668216  ,0.000000  ,0.000000  ,0.013828  ,13.400000 ,0.067008  ,4.313253  
4.760000  ,28.232597 ,-7.373749 ,6.855728  ,0.000000  ,0.000000  ,0.000325  ,13.500000 ,0.067336  ,2.773010  
4.800000  ,28.474069 ,-7.503912 ,6.860365  ,0.000000  ,0.000000  ,-0.002235 ,13.690000 ,0.062826  ,2.630284  
4.840000  ,28.718886 ,-7.628868 ,6.882364  ,0.000000  ,0.000000  ,-0.004562 ,13.790000 ,0.042955  ,3.351798  
4.880000  ,28.970456 ,-7.750352 ,7.080252  ,0.000000  ,0.000000  ,-0.010649 ,13.880000 ,0.036358  ,3.586293  
4.920000  ,29.231151 ,-7.869328 ,7.243101  ,0.000000  ,0.000000  ,-0.004249 ,13.980000 ,0.031456  ,3.291169  
4.960000  ,29.499597 ,-7.985442 ,7.377117  ,0.000000  ,0.000000  ,0.016714  ,14.170000 ,0.040823  ,2.974706  
5.000000  ,29.774332 ,-8.099198 ,7.487404  ,0.000000  ,0.000000  ,-0.001298 ,14.370000 ,0.004448  ,2.545712  
5.040000  ,30.054517 ,-8.210177 ,7.578164  ,0.000000  ,0.000000  ,0.004973  ,14.370000 ,-0.004117 ,2.363124  
5.080000  ,30.339127 ,-8.318886 ,7.652854  ,0.000000  ,0.000000  ,-0.011816 ,14.560000 ,-0.027515 ,2.138081  
5.120000  ,30.627080 ,-8.426431 ,7.714319  ,0.000000  ,0.000000  ,0.003491  ,14.760000 ,-0.057129 ,1.488305  
5.160000  ,30.910797 ,-8.531126 ,7.442021  ,0.000000  ,0.000000  ,-0.007161 ,14.850000 ,-0.056783 ,0.769249  
5.200000  ,31.191766 ,-8.635465 ,7.540816  ,0.000000  ,0.000000  ,0.002592  ,15.050000 ,-0.047031 ,-0.252792 
5.240000  ,31.475358 ,-8.743031 ,7.622119  ,0.000000  ,0.000000  ,0.001418  ,15.150000 ,-0.048204 ,-1.397018 
5.280000  ,31.760417 ,-8.855002 ,7.689026  ,0.000000  ,0.000000  ,-0.015691 ,15.340000 ,-0.348353 ,-2.388985 
5.320000  ,32.037695 ,-8.969392 ,7.308626  ,0.000000  ,0.000000  ,0.003465  ,15.440000 ,-0.046157 ,-4.097766 
5.360000  ,32.306244 ,-9.091107 ,7.431040  ,0.000000  ,0.000000  ,0.001038  ,15.530000 ,-0.341998 ,-6.478917 
5.400000  ,32.564594 ,-9.221986 ,7.050640  ,0.000000  ,0.000000  ,0.008384  ,15.630000 ,-0.265921 ,-10.045184
5.440000  ,32.801108 ,-9.360984 ,6.670240  ,0.000000  ,0.000000  ,0.006453  ,15.830000 ,-0.159623 ,-16.751637
5.480000  ,33.008582 ,-9.516036 ,6.289840  ,0.000000  ,0.000000  ,-0.006962 ,15.920000 ,-0.056584 ,-27.539303
5.520000  ,33.187372 ,-9.701353 ,6.592639  ,0.000000  ,0.000000  ,-0.011967 ,16.020000 ,0.013119  ,-28.757498
5.560000  ,33.343748 ,-9.919845 ,6.841825  ,0.000000  ,0.000000  ,-0.002751 ,16.120000 ,0.006219  ,-19.477097
5.600000  ,33.485235 ,-10.158983,7.046890  ,0.000000  ,0.000000  ,-0.000061 ,16.210000 ,-0.049684 ,-9.885987 
5.640000  ,33.620637 ,-10.410158,7.215647  ,0.000000  ,0.000000  ,0.000366  ,16.310000 ,-0.111492 ,-3.152285 
5.680000  ,33.748793 ,-10.660247,6.835247  ,0.000000  ,0.000000  ,0.001777  ,16.500000 ,-0.206195 ,-0.589705 
5.720000  ,33.864634 ,-10.899469,6.454847  ,0.000000  ,0.000000  ,-0.008169 ,16.600000 ,-0.208495 ,-1.926386 
5.760000  ,33.964624 ,-11.129209,6.074447  ,0.000000  ,0.000000  ,0.004573  ,16.700000 ,-0.056332 ,-6.915723 
5.800000  ,34.047937 ,-11.361836,6.277198  ,0.000000  ,0.000000  ,0.011019  ,16.800000 ,-0.038604 ,-10.607027
5.840000  ,34.117446 ,-11.609605,6.582236  ,0.000000  ,0.000000  ,-0.001185 ,16.890000 ,-0.050808 ,-9.532151 
5.880000  ,34.176653 ,-11.871438,6.833263  ,0.000000  ,0.000000  ,-0.008528 ,16.990000 ,-0.058150 ,-6.455074 
5.920000  ,34.228641 ,-12.144105,7.039844  ,0.000000  ,0.000000  ,-0.002098 ,17.180000 ,-0.115015 ,-3.801725 
5.960000  ,34.273269 ,-12.414424,6.659444  ,0.000000  ,0.000000  ,-0.008429 ,17.280000 ,-0.073724 ,-3.395061 
6.000000  ,34.308522 ,-12.679597,6.714788  ,0.000000  ,0.000000  ,-0.006566 ,17.380000 ,-0.073493 ,-4.669275 
6.040000  ,34.334911 ,-12.947503,6.745140  ,0.000000  ,0.000000  ,0.007497  ,17.480000 ,-0.061752 ,-5.683750 
6.080000  ,34.351411 ,-13.216877,6.749442  ,0.000000  ,0.000000  ,-0.009464 ,17.570000 ,-0.069939 ,-6.299622 
6.120000  ,34.358020 ,-13.488567,6.837238  ,0.000000  ,0.000000  ,-0.006075 ,17.670000 ,-0.062850 ,-6.149435 
6.160000  ,34.354361 ,-13.764357,6.950720  ,0.000000  ,0.000000  ,-0.004174 ,17.860000 ,-0.073955 ,-5.587879 
6.200000  ,34.341628 ,-14.039408,6.832615  ,0.000000  ,0.000000  ,0.017263  ,17.960000 ,-0.067922 ,-5.574458 
6.240000  ,34.319570 ,-14.304221,6.462424  ,0.000000  ,0.000000  ,-0.007576 ,18.060000 ,-0.087090 ,-7.444732 
6.280000  ,34.286283 ,-14.558629,6.378847  ,0.000000  ,0.000000  ,0.010770  ,18.160000 ,-0.038852 ,-9.636279 
6.320000  ,34.237640 ,-14.815093,6.665886  ,0.000000  ,0.000000  ,0.008998  ,18.250000 ,-0.041719 ,-8.669320 
6.360000  ,34.174800 ,-15.078881,6.886717  ,0.000000  ,0.000000  ,-0.002924 ,18.350000 ,-0.072993 ,-5.933683 
6.400000  ,34.102470 ,-15.342573,6.797153  ,0.000000  ,0.000000  ,0.001257  ,18.450000 ,-0.077451 ,-4.492688 
6.440000  ,34.023751 ,-15.596752,6.541262  ,0.000000  ,0.000000  ,0.004625  ,18.640000 ,-0.083265 ,-5.320014 
6.480000  ,33.939349 ,-15.837292,6.239706  ,0.000000  ,0.000000  ,-0.011444 ,18.740000 ,-0.080878 ,-7.723039 
6.520000  ,33.844382 ,-16.070125,6.331898  ,0.000000  ,0.000000  ,0.001585  ,18.830000 ,-0.072435 ,-8.770567 
6.560000  ,33.735724 ,-16.299744,6.369970  ,0.000000  ,0.000000  ,-0.005056 ,18.930000 ,-0.054679 ,-8.281306 
6.600000  ,33.612546 ,-16.529537,6.658581  ,0.000000  ,0.000000  ,0.014761  ,19.030000 ,-0.048467 ,-6.520092 
6.640000  ,33.477407 ,-16.760843,6.734153  ,0.000000  ,0.000000  ,0.010764  ,19.130000 ,-0.054796 ,-4.680182 
6.680000  ,33.334620 ,-16.990205,6.773766  ,0.000000  ,0.000000  ,0.002374  ,19.220000 ,-0.130766 ,-3.739389 
6.720000  ,33.189816 ,-17.210150,6.393366  ,0.000000  ,0.000000  ,0.015807  ,19.320000 ,-0.131350 ,-4.414727 
6.760000  ,33.045023 ,-17.411616,6.012966  ,0.000000  ,0.000000  ,-0.011220 ,19.420000 ,-0.076594 ,-7.843051 
6.800000  ,32.890738 ,-17.600588,6.182024  ,0.000000  ,0.000000  ,-0.007116 ,19.510000 ,-0.056739 ,-9.971932 
6.840000  ,32.718266 ,-17.786895,6.503913  ,0.000000  ,0.000000  ,-0.009654 ,19.610000 ,-0.059276 ,-8.111783 
6.880000  ,32.529442 ,-17.973683,6.768808  ,0.000000  ,0.000000  ,-0.004006 ,19.710000 ,-0.053628 ,-5.071346 
6.920000  ,32.328485 ,-18.161761,6.986802  ,0.000000  ,0.000000  ,-0.002498 ,19.900000 ,-0.091101 ,-2.838216 
6.960000  ,32.126246 ,-18.343437,6.606402  ,0.000000  ,0.000000  ,0.000896  ,19.900000 ,-0.090677 ,-2.653411 
7.000000  ,31.931031 ,-18.510126,6.237814  ,0.000000  ,0.000000  ,-0.002481 ,20.100000 ,-0.052103 ,-4.698717 
7.040000  ,31.730808 ,-18.669531,6.549825  ,0.000000  ,0.000000  ,-0.009590 ,20.190000 ,-0.065787 ,-5.526270 
7.080000  ,31.517642 ,-18.827821,6.720998  ,0.000000  ,0.000000  ,0.007753  ,20.290000 ,-0.041869 ,-4.656917 
7.120000  ,31.293261 ,-18.984200,6.947456  ,0.000000  ,0.000000  ,-0.006531 ,20.390000 ,-0.056153 ,-3.745180 
7.160000  ,31.058528 ,-19.140003,7.133819  ,0.000000  ,0.000000  ,0.000839  ,20.490000 ,-0.050699 ,-2.957688 
7.200000  ,30.815686 ,-19.294760,7.260563  ,0.000000  ,0.000000  ,-0.012283 ,20.580000 ,-0.079440 ,-2.530821 
7.240000  ,30.572209 ,-19.443743,7.040446  ,0.000000  ,0.000000  ,0.014550  ,20.680000 ,-0.057797 ,-3.120924 
7.280000  ,30.333113 ,-19.582064,6.802194  ,0.000000  ,0.000000  ,-0.001283 ,20.870000 ,-0.050905 ,-4.960231 
7.320000  ,30.089800 ,-19.713294,7.014277  ,0.000000  ,0.000000  ,-0.010044 ,20.870000 ,-0.059667 ,-5.555656 
7.360000  ,29.835658 ,-19.840407,7.188808  ,0.000000  ,0.000000  ,-0.006657 ,21.070000 ,-0.056279 ,-4.716381 
7.400000  ,29.572524 ,-19.963508,7.332437  ,0.000000  ,0.000000  ,-0.000491 ,21.170000 ,-0.080337 ,-3.758725 
7.440000  ,29.310973 ,-20.078421,6.952037  ,0.000000  ,0.000000  ,-0.001928 ,21.260000 ,-0.051551 ,-4.287621 
7.480000  ,29.049643 ,-20.184116,7.137588  ,0.000000  ,0.000000  ,-0.006068 ,21.460000 ,-0.055691 ,-5.156036 
7.520000  ,28.779009 ,-20.284469,7.290286  ,0.000000  ,0.000000  ,0.001949  ,21.550000 ,-0.047674 ,-4.808895 
7.560000  ,28.500552 ,-20.379399,7.415947  ,0.000000  ,0.000000  ,-0.001698 ,21.650000 ,-0.051321 ,-4.125717 
7.600000  ,28.215606 ,-20.469203,7.519359  ,0.000000  ,0.000000  ,0.008960  ,21.750000 ,-0.080592 ,-3.587450 
7.640000  ,27.934101 ,-20.551037,7.138959  ,0.000000  ,0.000000  ,0.002265  ,21.940000 ,-0.047357 ,-4.428481 
7.680000  ,27.654624 ,-20.623383,7.291414  ,0.000000  ,0.000000  ,-0.004277 ,22.040000 ,-0.045717 ,-5.548208 
7.720000  ,27.367661 ,-20.688376,7.416875  ,0.000000  ,0.000000  ,-0.001463 ,22.140000 ,-0.065367 ,-5.366517 
7.760000  ,27.081158 ,-20.744275,7.206438  ,0.000000  ,0.000000  ,-0.002279 ,22.230000 ,-0.030586 ,-5.799759 
7.800000  ,26.793637 ,-20.790028,7.346946  ,0.000000  ,0.000000  ,0.001091  ,22.430000 ,-0.042426 ,-6.179136 
7.840000  ,26.499794 ,-20.827729,7.462575  ,0.000000  ,0.000000  ,-0.005109 ,22.520000 ,-0.021299 ,-5.308479 
7.880000  ,26.200852 ,-20.857857,7.557731  ,0.000000  ,0.000000  ,-0.000014 ,22.620000 ,-0.015376 ,-4.280429 
7.920000  ,25.897898 ,-20.882058,7.636038  ,0.000000  ,0.000000  ,-0.000105 ,22.820000 ,-0.017853 ,-3.335553 
7.960000  ,25.591759 ,-20.901678,7.700481  ,0.000000  ,0.000000  ,-0.002337 ,22.910000 ,-0.027010 ,-2.533715 
8.000000  ,25.283061 ,-20.917648,7.753514  ,0.000000  ,0.000000  ,-0.004146 ,23.110000 ,-0.036292 ,-1.964418 
8.040000  ,24.972293 ,-20.930603,7.797156  ,0.000000  ,0.000000  ,-0.011366 ,23.200000 ,-0.045231 ,-1.641659 
8.080000  ,24.659810 ,-20.940020,7.833071  ,0.000000  ,0.000000  ,0.001445  ,23.300000 ,-0.013848 ,-1.843367 
8.120000  ,24.345925 ,-20.945321,7.862628  ,0.000000  ,0.000000  ,0.010173  ,23.400000 ,0.013150  ,-2.430837 
8.160000  ,24.030924 ,-20.946766,7.886951  ,0.000000  ,0.000000  ,-0.005020 ,23.500000 ,0.002833  ,-2.701889 
8.200000  ,23.715038 ,-20.945227,7.906967  ,0.000000  ,0.000000  ,-0.009351 ,23.690000 ,-0.000563 ,2.241123  
8.240000  ,23.398445 ,-20.941280,7.923439  ,0.000000  ,0.000000  ,-0.000269 ,23.880000 ,-0.023604 ,1.458056  
8.280000  ,23.081291 ,-20.934997,7.936995  ,0.000000  ,0.000000  ,-0.004711 ,23.980000 ,0.001231  ,1.026424  
8.320000  ,22.763684 ,-20.926942,7.948151  ,0.000000  ,0.000000  ,-0.008674 ,24.080000 ,-0.001196 ,0.883932  
8.360000  ,22.445692 ,-20.918072,7.957331  ,0.000000  ,0.000000  ,-0.004140 ,24.170000 ,0.004781  ,0.610142  
8.400000  ,22.127400 ,-20.908094,7.964886  ,0.000000  ,0.000000  ,-0.007301 ,24.370000 ,0.001681  ,0.477890  
8.440000  ,21.808837 ,-20.897979,7.971103  ,0.000000  ,0.000000  ,0.007211  ,24.470000 ,0.013187  ,0.182804  
8.480000  ,21.490036 ,-20.888243,7.976220  ,0.000000  ,0.000000  ,0.003366  ,24.560000 ,0.006589  ,0.266524  
8.520000  ,21.171021 ,-20.879463,7.980430  ,0.000000  ,0.000000  ,-0.002169 ,24.760000 ,-0.002339 ,0.726766  
8.560000  ,20.851819 ,-20.872071,7.983895  ,0.000000  ,0.000000  ,0.005908  ,24.850000 ,0.006042  ,1.042470  
8.600000  ,20.532468 ,-20.865687,7.986747  ,0.000000  ,0.000000  ,-0.005533 ,24.950000 ,-0.006082 ,0.948246  
8.640000  ,20.212987 ,-20.860837,7.989093  ,0.000000  ,0.000000  ,-0.009621 ,25.050000 ,-0.025484 ,0.846002  
8.680000  ,19.893412 ,-20.856581,7.991024  ,0.000000  ,0.000000  ,-0.006792 ,25.240000 ,-0.033271 ,0.508215  
8.720000  ,19.573766 ,-20.852327,7.992614  ,0.000000  ,0.000000  ,0.004137  ,25.340000 ,-0.020405 ,0.024985  
8.760000  ,19.254089 ,-20.846497,7.993921  ,0.000000  ,0.000000  ,-0.008246 ,25.440000 ,-0.022770 ,0.925915  
8.800000  ,18.934409 ,-20.838554,7.994998  ,0.000000  ,0.000000  ,0.013978  ,25.530000 ,-0.004432 ,1.690676  
8.840000  ,18.614772 ,-20.827823,7.995883  ,0.000000  ,0.000000  ,-0.009459 ,25.730000 ,-0.023179 ,2.105248  
8.880000  ,18.295232 ,-20.813781,7.996612  ,0.000000  ,0.000000  ,-0.009776 ,25.830000 ,-0.017851 ,2.274019  
8.920000  ,17.975839 ,-20.796216,7.997212  ,0.000000  ,0.000000  ,0.001265  ,25.920000 ,-0.009092 ,2.310151  
8.960000  ,17.656641 ,-20.775085,7.997706  ,0.000000  ,0.000000  ,0.015174  ,26.120000 ,0.006457  ,2.283162  
9.000000  ,17.337665 ,-20.750584,7.998112  ,0.000000  ,0.000000  ,-0.005894 ,26.210000 ,-0.010264 ,2.153828  
9.040000  ,17.018869 ,-20.723664,7.998446  ,0.000000  ,0.000000  ,-0.000417 ,26.310000 ,-0.000436 ,1.699066  
9.080000  ,16.700295 ,-20.694102,7.998721  ,0.000000  ,0.000000  ,0.004719  ,26.410000 ,-0.008178 ,1.406873  
9.120000  ,16.381943 ,-20.662136,7.998948  ,0.000000  ,0.000000  ,-0.002512 ,26.600000 ,0.022508  ,1.360839  
9.160000  ,16.063810 ,-20.627983,7.999134  ,0.000000  ,0.000000  ,-0.004492 ,26.700000 ,0.045131  ,1.363503  
9.200000  ,15.745803 ,-20.592605,7.999287  ,0.000000  ,0.000000  ,0.003506  ,26.890000 ,0.033595  ,0.993327  
9.240000  ,15.427758 ,-20.557523,7.999414  ,0.000000  ,0.000000  ,0.002191  ,26.990000 ,0.017520  ,0.007036  
9.280000  ,15.109513 ,-20.524273,7.999517  ,0.000000  ,0.000000  ,0.004316  ,27.090000 ,-0.005289 ,1.303605  
9.320000  ,14.791019 ,-20.493453,7.999603  ,0.000000  ,0.000000  ,0.006276  ,27.180000 ,-0.009528 ,2.143369  
9.360000  ,14.472312 ,-20.464885,7.999673  ,0.000000  ,0.000000  ,0.004016  ,27.380000 ,-0.044777 ,2.065212  
9.400000  ,14.153430 ,-20.438303,7.999731  ,0.000000  ,0.000000  ,-0.001651 ,27.480000 ,-0.051274 ,1.409540  
9.440000  ,13.834527 ,-20.411949,7.999779  ,0.000000  ,0.000000  ,-0.004072 ,27.570000 ,-0.053695 ,0.222232  
9.480000  ,13.515758 ,-20.384005,7.999818  ,0.000000  ,0.000000  ,-0.012648 ,27.770000 ,-0.062270 ,1.222929  
9.520000  ,13.197309 ,-20.352630,7.999850  ,0.000000  ,0.000000  ,0.001012  ,27.860000 ,-0.063993 ,2.592295  
9.560000  ,12.886989 ,-20.316808,7.619450  ,0.000000  ,0.000000  ,0.006704  ,27.960000 ,-0.080437 ,4.573704  
9.600000  ,12.592821 ,-20.274779,7.239050  ,0.000000  ,0.000000  ,0.008269  ,28.160000 ,-0.224552 ,8.016905  
9.640000  ,12.315735 ,-20.222800,6.858650  ,0.000000  ,0.000000  ,0.000349  ,28.250000 ,-0.088848 ,12.941670 
9.680000  ,12.058040 ,-20.154329,6.478250  ,0.000000  ,0.000000  ,0.001720  ,28.350000 ,-0.048727 ,20.150971 
9.720000  ,11.811933 ,-20.058018,6.736045  ,0.000000  ,0.000000  ,0.000491  ,28.540000 ,-0.049131 ,21.152331 
9.760000  ,11.568731 ,-19.931886,6.959839  ,0.000000  ,0.000000  ,-0.013299 ,28.640000 ,-0.086567 ,14.902206 
9.800000  ,11.336071 ,-19.788192,6.743661  ,0.000000  ,0.000000  ,0.000386  ,28.740000 ,-0.352802 ,11.062803 
9.840000  ,11.122211 ,-19.636672,6.363261  ,0.000000  ,0.000000  ,-0.004136 ,28.830000 ,-0.116993 ,11.887242 
9.880000  ,10.932256 ,-19.479050,5.982861  ,0.000000  ,0.000000  ,0.009147  ,29.030000 ,-0.075125 ,16.754895 
9.920000  ,10.764795 ,-19.307503,6.009636  ,0.000000  ,0.000000  ,0.007758  ,29.130000 ,-0.230992 ,19.337914 
9.960000  ,10.621576 ,-19.124146,5.629236  ,0.000000  ,0.000000  ,-0.013318 ,29.130000 ,-0.165683 ,21.362921 
10.000000 ,10.510848 ,-18.937108,5.248836  ,0.000000  ,0.000000  ,-0.000137 ,29.220000 ,-0.028032 ,26.894893 
10.040000 ,10.435113 ,-18.733478,5.629236  ,0.000000  ,0.000000  ,-0.013917 ,29.320000 ,-0.019119 ,23.193273 
10.080000 ,10.384666 ,-18.506321,6.009636  ,0.000000  ,0.000000  ,0.007257  ,29.510000 ,-0.082863 ,12.728890 
10.120000 ,10.348304 ,-18.269753,5.964657  ,0.000000  ,0.000000  ,-0.010307 ,29.610000 ,-0.192655 ,5.952053  
10.160000 ,10.322997 ,-18.040181,5.584257  ,0.000000  ,0.000000  ,0.004714  ,29.610000 ,-0.199497 ,4.253999  
10.200000 ,10.309994 ,-17.824847,5.203857  ,0.000000  ,0.000000  ,0.002409  ,29.710000 ,-0.152364 ,6.665844  
10.240000 ,10.312600 ,-17.624284,4.841522  ,0.000000  ,0.000000  ,-0.011220 ,29.810000 ,-0.086128 ,11.724838 
10.280000 ,10.334571 ,-17.425844,5.136559  ,0.000000  ,0.000000  ,0.005157  ,29.900000 ,-0.044466 ,11.781578 
10.320000 ,10.375308 ,-17.216738,5.516959  ,0.000000  ,0.000000  ,-0.015932 ,30.000000 ,-0.092765 ,7.458050  
10.360000 ,10.428374 ,-16.999135,5.677817  ,0.000000  ,0.000000  ,-0.012710 ,30.100000 ,-0.113463 ,4.077830  
10.400000 ,10.489309 ,-16.781304,5.637536  ,0.000000  ,0.000000  ,-0.014524 ,30.190000 ,-0.137061 ,3.009410  
10.440000 ,10.555735 ,-16.573039,5.325673  ,0.000000  ,0.000000  ,0.006432  ,30.390000 ,-0.120646 ,4.377864  
10.480000 ,10.628852 ,-16.377623,5.133026  ,0.000000  ,0.000000  ,0.000773  ,30.490000 ,-0.052511 ,6.942915  
10.520000 ,10.715184 ,-16.183015,5.513426  ,0.000000  ,0.000000  ,0.000869  ,30.580000 ,-0.049088 ,6.626873  
10.560000 ,10.817104 ,-15.978913,5.893826  ,0.000000  ,0.000000  ,0.003052  ,30.680000 ,-0.092583 ,4.241649  
10.600000 ,10.927702 ,-15.772731,5.815392  ,0.000000  ,0.000000  ,-0.003601 ,30.780000 ,-0.127520 ,2.998195  
10.640000 ,11.039868 ,-15.577661,5.439070  ,0.000000  ,0.000000  ,-0.003747 ,30.870000 ,-0.084195 ,3.903229  
10.680000 ,11.157276 ,-15.390888,5.587760  ,0.000000  ,0.000000  ,-0.002544 ,30.970000 ,-0.073513 ,4.947425  
10.720000 ,11.286070 ,-15.203348,5.782327  ,0.000000  ,0.000000  ,-0.006238 ,31.070000 ,-0.071916 ,4.692125  
10.760000 ,11.426327 ,-15.014111,5.989356  ,0.000000  ,0.000000  ,-0.007261 ,31.170000 ,-0.088499 ,3.978106  
10.800000 ,11.575618 ,-14.825546,6.035169  ,0.000000  ,0.000000  ,0.007092  ,31.260000 ,-0.073322 ,3.713078  
10.840000 ,11.731827 ,-14.640334,6.078547  ,0.000000  ,0.000000  ,0.007374  ,31.360000 ,-0.078861 ,3.951768  
10.880000 ,11.894362 ,-14.459777,6.069990  ,0.000000  ,0.000000  ,0.001558  ,31.460000 ,-0.079926 ,4.466453  
10.920000 ,12.063423 ,-14.284669,6.099849  ,0.000000  ,0.000000  ,-0.008573 ,31.550000 ,-0.088042 ,4.955969  
10.960000 ,12.239859 ,-14.115010,6.138398  ,0.000000  ,0.000000  ,0.005243  ,31.650000 ,-0.080560 ,5.243995  
11.000000 ,12.422696 ,-13.952299,6.104469  ,0.000000  ,0.000000  ,0.009462  ,31.840000 ,-0.077691 ,5.626218  
11.040000 ,12.610833 ,-13.798157,6.062797  ,0.000000  ,0.000000  ,0.017485  ,31.940000 ,-0.058207 ,6.145582  
11.080000 ,12.806009 ,-13.651734,6.135589  ,0.000000  ,0.000000  ,-0.003766 ,32.040000 ,-0.081030 ,6.147821  
11.120000 ,13.008761 ,-13.511717,6.183730  ,0.000000  ,0.000000  ,0.001123  ,32.140000 ,-0.088967 ,5.604752  
11.160000 ,13.214996 ,-13.381161,6.040093  ,0.000000  ,0.000000  ,-0.004695 ,32.230000 ,-0.089685 ,5.870108  
11.200000 ,13.424623 ,-13.260583,6.052119  ,0.000000  ,0.000000  ,-0.001393 ,32.330000 ,-0.096620 ,6.308421  
11.240000 ,13.636407 ,-13.151100,5.890505  ,0.000000  ,0.000000  ,-0.007460 ,32.430000 ,-0.085879 ,7.098171  
11.280000 ,13.852696 ,-13.053470,5.973622  ,0.000000  ,0.000000  ,0.005403  ,32.520000 ,-0.044220 ,7.474203  
11.320000 ,14.081939 ,-12.963464,6.331327  ,0.000000  ,0.000000  ,-0.002383 ,32.620000 ,-0.090711 ,5.905286  
11.360000 ,14.316790 ,-12.881164,6.137291  ,0.000000  ,0.000000  ,0.006279  ,32.720000 ,-0.056606 ,5.002876  
11.400000 ,14.554599 ,-12.807320,6.308585  ,0.000000  ,0.000000  ,0.006434  ,32.820000 ,-0.049829 ,4.659526  
11.440000 ,14.801925 ,-12.738482,6.521687  ,0.000000  ,0.000000  ,0.002110  ,32.910000 ,-0.118651 ,3.764185  
11.480000 ,15.047593 ,-12.676976,6.141287  ,0.000000  ,0.000000  ,-0.000160 ,33.010000 ,-0.106641 ,4.104651  
11.520000 ,15.280598 ,-12.627873,5.779687  ,0.000000  ,0.000000  ,-0.011458 ,33.110000 ,-0.063595 ,6.848011  
11.560000 ,15.516253 ,-12.591112,6.137164  ,0.000000  ,0.000000  ,0.004724  ,33.300000 ,-0.005558 ,7.426271  
11.600000 ,15.767037 ,-12.563770,6.466996  ,0.000000  ,0.000000  ,-0.005399 ,33.300000 ,-0.015182 ,5.252578  
11.640000 ,16.030428 ,-12.542235,6.738428  ,0.000000  ,0.000000  ,0.000824  ,33.400000 ,-0.031764 ,2.886282  
11.680000 ,16.303945 ,-12.523774,6.961801  ,0.000000  ,0.000000  ,-0.008653 ,33.500000 ,-0.057294 ,1.250814  
11.720000 ,16.585690 ,-12.506725,7.145623  ,0.000000  ,0.000000  ,0.001197  ,33.690000 ,-0.048461 ,0.463450  
11.760000 ,16.874200 ,-12.491134,7.296400  ,0.000000  ,0.000000  ,-0.004461 ,33.790000 ,-0.048249 ,0.534609  
11.800000 ,17.168311 ,-12.477593,7.420979  ,0.000000  ,0.000000  ,0.011045  ,33.880000 ,-0.026806 ,1.121259  
11.840000 ,17.467073 ,-12.466992,7.523500  ,0.000000  ,0.000000  ,-0.010631 ,33.980000 ,-0.038709 ,1.829428  
11.880000 ,17.769658 ,-12.459527,7.607868  ,0.000000  ,0.000000  ,-0.009525 ,34.080000 ,-0.030617 ,-2.174879 
11.920000 ,18.075383 ,-12.456230,7.677299  ,0.000000  ,0.000000  ,-0.005389 ,34.270000 ,-0.017515 ,-2.465902 
11.960000 ,18.383650 ,-12.456955,7.734436  ,0.000000  ,0.000000  ,0.005283  ,34.370000 ,0.000634  ,-2.542266 
12.000000 ,18.693963 ,-12.461387,7.781456  ,0.000000  ,0.000000  ,-0.003823 ,34.470000 ,-0.003587 ,-2.312334 
12.040000 ,19.005937 ,-12.468484,7.820151  ,0.000000  ,0.000000  ,0.000171  ,34.560000 ,0.000803  ,-1.713031 
12.080000 ,19.319252 ,-12.478105,7.851995  ,0.000000  ,0.000000  ,-0.014378 ,34.660000 ,-0.012135 ,-1.224359 
12.120000 ,19.633682 ,-12.488999,7.878201  ,0.000000  ,0.000000  ,-0.021230 ,34.850000 ,-0.019310 ,-0.718062 
12.160000 ,19.949015 ,-12.501308,7.899766  ,0.000000  ,0.000000  ,0.004738  ,34.950000 ,0.009688  ,-0.534367 
12.200000 ,20.265084 ,-12.514779,7.917514  ,0.000000  ,0.000000  ,0.004750  ,35.050000 ,0.014522  ,-0.573442 
12.240000 ,20.581787 ,-12.528535,7.932119  ,0.000000  ,0.000000  ,-0.013179 ,35.240000 ,-0.005364 ,-0.348443 
12.280000 ,20.899021 ,-12.542300,7.944138  ,0.000000  ,0.000000  ,0.004778  ,35.340000 ,-0.023069 ,0.016679  
12.320000 ,21.216671 ,-12.556537,7.954029  ,0.000000  ,0.000000  ,0.003692  ,35.440000 ,-0.016833 ,0.024235  
12.360000 ,21.534654 ,-12.571373,7.962168  ,0.000000  ,0.000000  ,-0.004909 ,35.530000 ,-0.020051 ,-0.267032 
12.400000 ,21.852886 ,-12.587182,7.968867  ,0.000000  ,0.000000  ,0.010463  ,35.730000 ,0.020990  ,-0.656120 
12.440000 ,22.171294 ,-12.604303,7.974379  ,0.000000  ,0.000000  ,0.001687  ,35.830000 ,0.022574  ,-0.949302 
12.480000 ,22.489862 ,-12.622168,7.978916  ,0.000000  ,0.000000  ,-0.006533 ,35.920000 ,0.021626  ,-0.779501 
12.520000 ,22.808574 ,-12.640419,7.982649  ,0.000000  ,0.000000  ,-0.005349 ,36.020000 ,0.011436  ,-0.291709 
12.560000 ,23.127435 ,-12.658428,7.985721  ,0.000000  ,0.000000  ,0.006982  ,36.210000 ,0.042494  ,0.272520  
12.600000 ,23.446462 ,-12.675447,7.988249  ,0.000000  ,0.000000  ,0.005165  ,36.310000 ,0.054787  ,0.797486  
12.640000 ,23.765707 ,-12.689887,7.990330  ,0.000000  ,0.000000  ,-0.006154 ,36.410000 ,0.046264  ,1.589255  
12.680000 ,24.082481 ,-12.700276,7.872398  ,0.000000  ,0.000000  ,-0.010189 ,36.600000 ,0.083389  ,2.771824  
12.720000 ,24.389729 ,-12.704806,7.491998  ,0.000000  ,0.000000  ,0.000793  ,36.700000 ,0.135736  ,4.855108  
12.760000 ,24.681747 ,-12.700206,7.111598  ,0.000000  ,0.000000  ,-0.021573 ,36.890000 ,0.144566  ,8.640977  
12.800000 ,24.957879 ,-12.680979,6.731198  ,0.000000  ,0.000000  ,0.004686  ,36.990000 ,0.398502  ,14.716618 
12.840000 ,25.216319 ,-12.640929,6.350798  ,0.000000  ,0.000000  ,-0.005415 ,37.090000 ,0.388487  ,23.043349 
12.880000 ,25.452322 ,-12.571069,5.970398  ,0.000000  ,0.000000  ,0.008864  ,37.280000 ,0.152748  ,34.084500 
12.920000 ,25.654657 ,-12.460494,5.589998  ,0.000000  ,0.000000  ,0.007187  ,37.380000 ,-0.051806 ,48.972151 
12.960000 ,25.812440 ,-12.294616,5.899130  ,0.000000  ,0.000000  ,-0.013275 ,37.480000 ,-0.348800 ,46.476649 
13.000000 ,25.919399 ,-12.093427,5.518730  ,0.000000  ,0.000000  ,-0.003187 ,37.570000 ,-0.189445 ,41.651777 
13.040000 ,25.976165 ,-11.888406,5.138330  ,0.000000  ,0.000000  ,-0.007990 ,37.670000 ,-0.344843 ,45.617725 
13.080000 ,25.986530 ,-11.691158,4.757930  ,0.000000  ,0.000000  ,0.001684  ,37.770000 ,-0.398316 ,49.014704 
13.120000 ,25.955895 ,-11.511403,4.377530  ,0.000000  ,0.000000  ,0.007342  ,37.860000 ,-0.392658 ,48.488436 
13.160000 ,25.894642 ,-11.355784,3.997130  ,0.000000  ,0.000000  ,-0.000045 ,37.960000 ,-0.400045 ,43.233366 
13.200000 ,25.814916 ,-11.226237,3.616730  ,0.000000  ,0.000000  ,0.003021  ,38.060000 ,-0.396979 ,34.384936 
13.240000 ,25.727977 ,-11.120364,3.236330  ,0.000000  ,0.000000  ,-0.005215 ,38.160000 ,-0.405215 ,24.144555 
13.280000 ,25.642692 ,-11.031636,2.954495  ,0.000000  ,0.000000  ,0.003848  ,38.160000 ,-0.396152 ,14.259842 
13.320000 ,25.561701 ,-10.949379,2.833294  ,0.000000  ,0.000000  ,-0.012273 ,38.250000 ,-0.412273 ,6.191279  
13.360000 ,25.487665 ,-10.865178,2.781172  ,0.000000  ,0.000000  ,-0.004369 ,38.250000 ,-0.200334 ,1.662958  
13.400000 ,25.419831 ,-10.771505,2.997226  ,0.000000  ,0.000000  ,0.005654  ,38.350000 ,0.016716  ,0.251533  
13.440000 ,25.353399 ,-10.662705,3.377626  ,0.000000  ,0.000000  ,0.001334  ,38.540000 ,0.050956  ,0.236135  
13.480000 ,25.284721 ,-10.537611,3.758026  ,0.000000  ,0.000000  ,-0.010875 ,38.640000 ,0.038748  ,0.744249  
13.520000 ,25.211701 ,-10.397578,4.138426  ,0.000000  ,0.000000  ,0.001360  ,38.640000 ,0.067558  ,0.866142  
13.560000 ,25.132011 ,-10.243862,4.518826  ,0.000000  ,0.000000  ,0.007850  ,38.740000 ,0.072196  ,0.482738  
13.600000 ,25.044052 ,-10.077300,4.899226  ,0.000000  ,0.000000  ,-0.003690 ,38.830000 ,0.069176  ,0.176521  
13.640000 ,24.947367 ,-9.899750 ,5.200135  ,0.000000  ,0.000000  ,0.007411  ,39.030000 ,0.092534  ,0.829363  
13.680000 ,24.843152 ,-9.715940 ,5.360035  ,0.000000  ,0.000000  ,0.011909  ,39.030000 ,0.092023  ,1.486396  
13.720000 ,24.731781 ,-9.528772 ,5.525046  ,0.000000  ,0.000000  ,-0.006540 ,39.130000 ,0.081004  ,2.070409  
13.760000 ,24.613300 ,-9.340094 ,5.612288  ,0.000000  ,0.000000  ,-0.025323 ,39.220000 ,0.051403  ,2.620215  
13.800000 ,24.487357 ,-9.150672 ,5.757071  ,0.000000  ,0.000000  ,-0.000024 ,39.320000 ,0.080581  ,2.959296  
13.840000 ,24.354156 ,-8.960528 ,5.848369  ,0.000000  ,0.000000  ,0.010935  ,39.420000 ,0.101059  ,3.027620  
13.880000 ,24.214483 ,-8.772504 ,5.862926  ,0.000000  ,0.000000  ,-0.011170 ,39.420000 ,0.084682  ,3.378881  
13.920000 ,24.069157 ,-8.590322 ,5.798368  ,0.000000  ,0.000000  ,0.003804  ,39.510000 ,0.117161  ,4.445560  
13.960000 ,23.922093 ,-8.419555 ,5.506577  ,0.000000  ,0.000000  ,-0.010393 ,39.610000 ,0.058285  ,6.369716  
14.000000 ,23.766732 ,-8.256878 ,5.735163  ,0.000000  ,0.000000  ,0.002276  ,39.710000 ,0.051898  ,6.750027  
14.040000 ,23.595361 ,-8.093174 ,6.114590  ,0.000000  ,0.000000  ,0.012067  ,39.810000 ,0.061689  ,4.886382  
14.080000 ,23.408605 ,-7.924788 ,6.448419  ,0.000000  ,0.000000  ,-0.002913 ,39.900000 ,0.051030  ,2.759913  
14.120000 ,23.210641 ,-7.752555 ,6.665118  ,0.000000  ,0.000000  ,-0.004382 ,40.000000 ,0.070493  ,1.558412  
14.160000 ,23.008557 ,-7.581757 ,6.576285  ,0.000000  ,0.000000  ,-0.000852 ,40.190000 ,0.095846  ,1.594561  
14.200000 ,22.810238 ,-7.420767 ,6.195885  ,0.000000  ,0.000000  ,0.000184  ,40.190000 ,0.083003  ,3.223329  
14.240000 ,22.613539 ,-7.270184 ,6.191358  ,0.000000  ,0.000000  ,0.002052  ,40.390000 ,0.051674  ,5.086217  
14.280000 ,22.406218 ,-7.123023 ,6.511594  ,0.000000  ,0.000000  ,-0.012454 ,40.490000 ,0.037168  ,5.009697  
14.320000 ,22.184886 ,-6.975685 ,6.775129  ,0.000000  ,0.000000  ,0.011945  ,40.580000 ,0.061568  ,3.722814  
14.360000 ,21.952243 ,-6.828168 ,6.992004  ,0.000000  ,0.000000  ,0.008630  ,40.680000 ,0.058253  ,2.591719  
14.400000 ,21.710418 ,-6.680483 ,7.170478  ,0.000000  ,0.000000  ,0.007345  ,40.780000 ,0.056967  ,2.004126  
14.440000 ,21.460921 ,-6.532969 ,7.317353  ,0.000000  ,0.000000  ,-0.001460 ,40.870000 ,0.048162  ,1.896048  
14.480000 ,21.204769 ,-6.386275 ,7.438221  ,0.000000  ,0.000000  ,-0.004796 ,41.070000 ,0.044826  ,2.086207  
14.520000 ,20.942650 ,-6.241226 ,7.537689  ,0.000000  ,0.000000  ,0.003374  ,41.170000 ,0.052996  ,2.418826  
14.560000 ,20.675052 ,-6.098690 ,7.619546  ,0.000000  ,0.000000  ,0.022012  ,41.260000 ,0.070792  ,2.795535  
14.600000 ,20.402286 ,-5.959639 ,7.686908  ,0.000000  ,0.000000  ,-0.008320 ,41.460000 ,0.041303  ,3.237673  
14.640000 ,20.124301 ,-5.825600 ,7.742344  ,0.000000  ,0.000000  ,0.006097  ,41.550000 ,0.052855  ,3.937572  
14.680000 ,19.841537 ,-5.697018 ,7.787964  ,0.000000  ,0.000000  ,-0.007199 ,41.650000 ,0.018516  ,4.447580  
14.720000 ,19.554245 ,-5.574606 ,7.825507  ,0.000000  ,0.000000  ,-0.004911 ,41.840000 ,0.019123  ,4.692398  
14.760000 ,19.263056 ,-5.458045 ,7.856403  ,0.000000  ,0.000000  ,0.005872  ,41.940000 ,0.035763  ,4.461122  
14.800000 ,18.968529 ,-5.346972 ,7.881828  ,0.000000  ,0.000000  ,0.005424  ,42.140000 ,0.029166  ,3.914053  
14.840000 ,18.670906 ,-5.241682 ,7.902751  ,0.000000  ,0.000000  ,-0.007190 ,42.230000 ,0.023373  ,3.655399  
14.880000 ,18.370749 ,-5.141415 ,7.919970  ,0.000000  ,0.000000  ,-0.001020 ,42.330000 ,0.023866  ,3.427053  
14.920000 ,18.068453 ,-5.045695 ,7.934140  ,0.000000  ,0.000000  ,-0.001658 ,42.520000 ,0.034634  ,3.092479  
14.960000 ,17.764313 ,-4.954204 ,7.945801  ,0.000000  ,0.000000  ,0.002145  ,42.620000 ,0.032159  ,2.760002  
15.000000 ,17.458345 ,-4.867462 ,7.955398  ,0.000000  ,0.000000  ,-0.000519 ,42.720000 ,0.035506  ,2.848128  
15.040000 ,17.150588 ,-4.785928 ,7.963295  ,0.000000  ,0.000000  ,-0.013101 ,42.910000 ,0.027664  ,3.313779  
15.080000 ,16.841055 ,-4.710206 ,7.969794  ,0.000000  ,0.000000  ,0.001467  ,43.010000 ,0.032269  ,3.892432  
15.120000 ,16.529937 ,-4.640200 ,7.975142  ,0.000000  ,0.000000  ,-0.002693 ,43.200000 ,0.039171  ,4.087453  
15.160000 ,16.217211 ,-4.576786 ,7.979543  ,0.000000  ,0.000000  ,0.006215  ,43.300000 ,0.040555  ,4.248556  
15.200000 ,15.902962 ,-4.520507 ,7.983165  ,0.000000  ,0.000000  ,0.011084  ,43.500000 ,0.026265  ,4.547897  
15.240000 ,15.587325 ,-4.471753 ,7.986146  ,0.000000  ,0.000000  ,-0.002869 ,43.590000 ,0.015021  ,4.881230  
15.280000 ,15.270565 ,-4.430074 ,7.988599  ,0.000000  ,0.000000  ,0.001596  ,43.790000 ,0.015579  ,4.817642  
15.320000 ,14.952904 ,-4.395109 ,7.990618  ,0.000000  ,0.000000  ,-0.018796 ,43.880000 ,-0.011461 ,4.388619  
15.360000 ,14.634561 ,-4.366169 ,7.992279  ,0.000000  ,0.000000  ,-0.015998 ,43.980000 ,-0.014688 ,3.758451  
15.400000 ,14.315795 ,-4.341520 ,7.993646  ,0.000000  ,0.000000  ,0.008268  ,44.170000 ,0.021319  ,2.759113  
15.440000 ,13.996758 ,-4.319917 ,7.994771  ,0.000000  ,0.000000  ,0.000660  ,44.270000 ,0.020856  ,1.686945  
15.480000 ,13.677512 ,-4.300934 ,7.995697  ,0.000000  ,0.000000  ,0.004076  ,44.370000 ,-0.025970 ,1.112583  
15.520000 ,13.358127 ,-4.283824 ,7.996459  ,0.000000  ,0.000000  ,0.001593  ,44.560000 ,0.028258  ,0.908026  
15.560000 ,13.038670 ,-4.267543 ,7.997086  ,0.000000  ,0.000000  ,0.017487  ,44.660000 ,0.046591  ,0.609130  
15.600000 ,12.719128 ,-4.252546 ,7.997602  ,0.000000  ,0.000000  ,0.011944  ,44.760000 ,0.015100  ,0.564049  
15.640000 ,12.399470 ,-4.239805 ,7.998026  ,0.000000  ,0.000000  ,0.005412  ,44.950000 ,0.007457  ,1.118554  
15.680000 ,12.079712 ,-4.229418 ,7.998376  ,0.000000  ,0.000000  ,0.003552  ,45.050000 ,0.010551  ,1.704293  
15.720000 ,11.759862 ,-4.221833 ,7.998663  ,0.000000  ,0.000000  ,-0.008919 ,45.240000 ,0.024184  ,2.040074  
15.760000 ,11.439942 ,-4.217476 ,7.998900  ,0.000000  ,0.000000  ,-0.009062 ,45.340000 ,0.012516  ,2.185646  
15.800000 ,11.119984 ,-4.216532 ,7.999095  ,0.000000  ,0.000000  ,0.013765  ,45.440000 ,0.043235  ,2.226175  
15.840000 ,10.800029 ,-4.219079 ,7.999255  ,0.000000  ,0.000000  ,-0.000447 ,45.530000 ,0.057317  ,2.228764  
15.880000 ,10.487241 ,-4.226088 ,7.674170  ,0.000000  ,0.000000  ,0.016430  ,45.730000 ,0.066052  ,3.148890  
15.920000 ,10.179366 ,-4.239086 ,7.731861  ,0.000000  ,0.000000  ,-0.000232 ,45.830000 ,0.049390  ,4.299490  
15.960000 ,9.869856  ,-4.260397 ,7.779337  ,0.000000  ,0.000000  ,-0.001445 ,45.920000 ,0.053656  ,5.139037  
16.000000 ,9.562549  ,-4.290086 ,7.672078  ,0.000000  ,0.000000  ,-0.011600 ,46.120000 ,0.062077  ,6.000603  
16.040000 ,9.265700  ,-4.328012 ,7.291678  ,0.000000  ,0.000000  ,0.006833  ,46.210000 ,0.082943  ,7.973181  
16.080000 ,8.985602  ,-4.375117 ,6.911278  ,0.000000  ,0.000000  ,0.006454  ,46.310000 ,0.252211  ,11.612041 
16.120000 ,8.723678  ,-4.435462 ,6.530878  ,0.000000  ,0.000000  ,0.011724  ,46.500000 ,0.061346  ,16.861123 
16.160000 ,8.470926  ,-4.519827 ,6.790999  ,0.000000  ,0.000000  ,-0.014182 ,46.600000 ,0.213744  ,17.546551 
16.200000 ,8.229909  ,-4.627426 ,6.410599  ,0.000000  ,0.000000  ,0.000578  ,46.700000 ,0.192879  ,18.191469 
16.240000 ,8.014689  ,-4.751957 ,6.030199  ,0.000000  ,0.000000  ,0.015823  ,46.800000 ,0.103697  ,24.208124 
16.280000 ,7.826957  ,-4.902459 ,6.016657  ,0.000000  ,0.000000  ,0.005105  ,46.990000 ,0.054727  ,28.062071 
16.320000 ,7.661462  ,-5.086739 ,6.367825  ,0.000000  ,0.000000  ,-0.005220 ,47.090000 ,0.044402  ,21.712506 
16.360000 ,7.509794  ,-5.298658 ,6.656816  ,0.000000  ,0.000000  ,0.005134  ,47.180000 ,0.065547  ,11.824703 
16.400000 ,7.366612  ,-5.525692 ,6.761668  ,0.000000  ,0.000000  ,-0.002002 ,47.280000 ,0.115600  ,5.275502  
16.440000 ,7.234702  ,-5.753042 ,6.381268  ,0.000000  ,0.000000  ,-0.000352 ,47.380000 ,0.139673  ,3.653510  
16.480000 ,7.118437  ,-5.971674 ,6.000868  ,0.000000  ,0.000000  ,0.021840  ,47.480000 ,0.146243  ,5.943424  
16.520000 ,7.020204  ,-6.182279 ,5.620468  ,0.000000  ,0.000000  ,0.004296  ,47.570000 ,0.097805  ,10.688809 
16.560000 ,6.941352  ,-6.393516 ,5.656089  ,0.000000  ,0.000000  ,-0.001164 ,47.770000 ,0.036009  ,13.390086 
16.600000 ,6.879399  ,-6.618947 ,6.036489  ,0.000000  ,0.000000  ,-0.010281 ,47.770000 ,0.020920  ,10.580628 
16.640000 ,6.828040  ,-6.862190 ,6.384146  ,0.000000  ,0.000000  ,-0.002234 ,47.960000 ,0.008416  ,5.883971  
16.680000 ,6.781398  ,-7.119251 ,6.670247  ,0.000000  ,0.000000  ,-0.006410 ,48.060000 ,0.037970  ,2.363325  
16.720000 ,6.735897  ,-7.387075 ,6.905692  ,0.000000  ,0.000000  ,-0.006725 ,48.160000 ,0.086327  ,0.482018  
16.760000 ,6.693312  ,-7.652296 ,6.525292  ,0.000000  ,0.000000  ,-0.002360 ,48.250000 ,-0.002459 ,0.432039  
16.800000 ,6.654537  ,-7.915850 ,6.786402  ,0.000000  ,0.000000  ,-0.000534 ,48.350000 ,0.000808  ,1.375358  
16.840000 ,6.616776  ,-8.189137 ,7.001280  ,0.000000  ,0.000000  ,0.007047  ,48.540000 ,-0.042575 ,1.634677  
16.880000 ,6.580308  ,-8.470478 ,7.178113  ,0.000000  ,0.000000  ,-0.003476 ,48.640000 ,-0.053098 ,1.341107  
16.920000 ,6.543488  ,-8.758256 ,7.323635  ,0.000000  ,0.000000  ,0.006247  ,48.830000 ,-0.050619 ,0.437854  
16.960000 ,6.505041  ,-9.049214 ,7.349932  ,0.000000  ,0.000000  ,0.013558  ,48.930000 ,-0.045008 ,-0.780696 
17.000000 ,6.463709  ,-9.340336 ,7.352190  ,0.000000  ,0.000000  ,0.016927  ,49.030000 ,-0.045269 ,-1.999097 
17.040000 ,6.418406  ,-9.628196 ,7.233582  ,0.000000  ,0.000000  ,0.003779  ,49.130000 ,-0.049133 ,-3.257867 
17.080000 ,6.367227  ,-9.914873 ,7.324473  ,0.000000  ,0.000000  ,0.009973  ,49.320000 ,-0.063098 ,-4.040873 
17.120000 ,6.310368  ,-10.194563,6.953639  ,0.000000  ,0.000000  ,0.003759  ,49.420000 ,-0.070434 ,-5.373545 
17.160000 ,6.247792  ,-10.460079,6.717444  ,0.000000  ,0.000000  ,-0.001273 ,49.510000 ,-0.050895 ,-7.624933 
17.200000 ,6.173130  ,-10.723038,6.944532  ,0.000000  ,0.000000  ,-0.003276 ,49.610000 ,-0.045804 ,-7.864608 
17.240000 ,6.084936  ,-10.990488,7.131412  ,0.000000  ,0.000000  ,-0.001815 ,49.710000 ,-0.047131 ,-6.165773 
17.280000 ,5.985760  ,-11.261317,7.285203  ,0.000000  ,0.000000  ,0.003815  ,49.900000 ,-0.053036 ,-4.414292 
17.320000 ,5.878543  ,-11.533015,7.318487  ,0.000000  ,0.000000  ,-0.003146 ,50.000000 ,-0.065898 ,-3.461496 
17.360000 ,5.766136  ,-11.800426,7.200930  ,0.000000  ,0.000000  ,0.007606  ,50.100000 ,-0.047257 ,-3.655659 
17.400000 ,5.647123  ,-12.064345,7.272940  ,0.000000  ,0.000000  ,0.004121  ,50.190000 ,-0.037229 ,-4.341091 
17.440000 ,5.519694  ,-12.328809,7.401672  ,0.000000  ,0.000000  ,0.014996  ,50.290000 ,-0.049010 ,-4.449625 
17.480000 ,5.386538  ,-12.588036,7.196717  ,0.000000  ,0.000000  ,0.012992  ,50.490000 ,-0.022779 ,-4.991247 
17.520000 ,5.246462  ,-12.842864,7.338946  ,0.000000  ,0.000000  ,0.000461  ,50.580000 ,-0.030153 ,-5.188984 
17.560000 ,5.097361  ,-13.098527,7.455991  ,0.000000  ,0.000000  ,-0.011576 ,50.680000 ,-0.048137 ,-4.354497 
17.600000 ,4.940854  ,-13.354725,7.552313  ,0.000000  ,0.000000  ,0.004399  ,50.780000 ,-0.044693 ,-3.261050 
17.640000 ,4.777792  ,-13.610964,7.631580  ,0.000000  ,0.000000  ,0.002917  ,50.970000 ,-0.044134 ,-2.667001 
17.680000 ,4.608860  ,-13.866831,7.696812  ,0.000000  ,0.000000  ,0.012836  ,51.070000 ,-0.029134 ,-2.641477 
17.720000 ,4.434357  ,-14.121810,7.750494  ,0.000000  ,0.000000  ,0.003626  ,51.170000 ,-0.034288 ,-2.919005 
17.760000 ,4.254922  ,-14.375737,7.794671  ,0.000000  ,0.000000  ,0.011151  ,51.260000 ,-0.026833 ,-2.985805 
17.800000 ,4.070250  ,-14.627873,7.831027  ,0.000000  ,0.000000  ,-0.005120 ,51.460000 ,-0.033668 ,-3.117092 
17.840000 ,3.880852  ,-14.878139,7.860945  ,0.000000  ,0.000000  ,0.007753  ,51.550000 ,-0.021917 ,-3.111099 
17.880000 ,3.686453  ,-15.125923,7.885566  ,0.000000  ,0.000000  ,-0.012902 ,51.650000 ,-0.043353 ,-3.237011 
17.920000 ,3.487533  ,-15.371247,7.905827  ,0.000000  ,0.000000  ,0.011562  ,51.840000 ,0.020539  ,-3.246313 
17.960000 ,3.283780  ,-15.613532,7.922501  ,0.000000  ,0.000000  ,0.003916  ,51.940000 ,0.013925  ,-3.389655 
18.000000 ,3.076126  ,-15.853291,7.936223  ,0.000000  ,0.000000  ,0.014100  ,52.040000 ,0.027198  ,-3.124906 
18.040000 ,2.865602  ,-16.091199,7.947516  ,0.000000  ,0.000000  ,-0.000965 ,52.230000 ,-0.014421 ,-2.288515 
18.080000 ,2.652972  ,-16.327780,7.956808  ,0.000000  ,0.000000  ,0.003358  ,52.330000 ,-0.001652 ,-1.333318 
18.120000 ,2.438504  ,-16.563154,7.964456  ,0.000000  ,0.000000  ,-0.005735 ,52.520000 ,-0.023497 ,-0.855221 
18.160000 ,2.222594  ,-16.797584,7.970749  ,0.000000  ,0.000000  ,0.004873  ,52.620000 ,-0.024471 ,-0.804191 
18.200000 ,2.005323  ,-17.031065,7.975928  ,0.000000  ,0.000000  ,-0.000407 ,52.720000 ,-0.046269 ,-0.961587 
18.240000 ,1.786555  ,-17.263403,7.980190  ,0.000000  ,0.000000  ,-0.006560 ,52.910000 ,-0.056182 ,-1.200442 
18.280000 ,1.565437  ,-17.493719,7.983698  ,0.000000  ,0.000000  ,0.005453  ,53.010000 ,-0.084327 ,-1.802079 
18.320000 ,1.346381  ,-17.715515,7.603298  ,0.000000  ,0.000000  ,0.007590  ,53.110000 ,-0.072045 ,-3.394317 
18.360000 ,1.132896  ,-17.921291,7.222898  ,0.000000  ,0.000000  ,0.004026  ,53.300000 ,-0.078727 ,-6.706423 
18.400000 ,0.923037  ,-18.108582,6.842498  ,0.000000  ,0.000000  ,-0.009277 ,53.400000 ,-0.058900 ,-11.433674
18.440000 ,0.704716  ,-18.280471,7.047444  ,0.000000  ,0.000000  ,0.002955  ,53.500000 ,-0.026136 ,-12.883880
18.480000 ,0.469651  ,-18.442213,7.216103  ,0.000000  ,0.000000  ,0.012447  ,53.590000 ,-0.006115 ,-10.190348
18.520000 ,0.222032  ,-18.595997,7.354899  ,0.000000  ,0.000000  ,0.003027  ,53.690000 ,-0.046596 ,-6.733797 
18.560000 ,-0.034504 ,-18.744747,7.469120  ,0.000000  ,0.000000  ,0.006122  ,53.880000 ,-0.125073 ,-3.904747 
18.600000 ,-0.289740 ,-18.884827,7.088720  ,0.000000  ,0.000000  ,-0.011851 ,53.980000 ,-0.153089 ,-3.400757 
18.640000 ,-0.535776 ,-19.009727,6.708320  ,0.000000  ,0.000000  ,0.004360  ,54.080000 ,-0.066364 ,-6.177957 
18.680000 ,-0.780535 ,-19.119304,6.702596  ,0.000000  ,0.000000  ,0.003657  ,54.270000 ,-0.045966 ,-9.566702 
18.720000 ,-1.035457 ,-19.216443,6.932313  ,0.000000  ,0.000000  ,0.001925  ,54.370000 ,-0.047697 ,-9.586815 
18.760000 ,-1.302850 ,-19.303366,7.121356  ,0.000000  ,0.000000  ,0.017705  ,54.470000 ,-0.031917 ,-7.293242 
18.800000 ,-1.579919 ,-19.382136,7.276928  ,0.000000  ,0.000000  ,-0.001014 ,54.660000 ,-0.085058 ,-4.967757 
18.840000 ,-1.854570 ,-19.452256,6.896528  ,0.000000  ,0.000000  ,-0.007939 ,54.760000 ,-0.100503 ,-4.492965 
18.880000 ,-2.116470 ,-19.510216,6.516128  ,0.000000  ,0.000000  ,-0.009302 ,54.850000 ,-0.084695 ,-6.724333 
18.920000 ,-2.372941 ,-19.554320,6.499423  ,0.000000  ,0.000000  ,0.009774  ,55.050000 ,-0.039849 ,-9.192375 
18.960000 ,-2.636613 ,-19.584737,6.765113  ,0.000000  ,0.000000  ,-0.012039 ,55.150000 ,-0.066554 ,-8.587408 
19.000000 ,-2.909723 ,-19.603412,6.918582  ,0.000000  ,0.000000  ,0.001320  ,55.240000 ,-0.081700 ,-6.413109 
19.040000 ,-3.178778 ,-19.611036,6.547148  ,0.000000  ,0.000000  ,0.014234  ,55.340000 ,-0.058185 ,-6.534925 
19.080000 ,-3.440876 ,-19.607210,6.559897  ,0.000000  ,0.000000  ,-0.010256 ,55.440000 ,-0.089962 ,7.661262  
19.120000 ,-3.699553 ,-19.591911,6.416396  ,0.000000  ,0.000000  ,-0.001354 ,55.630000 ,-0.066503 ,8.329124  
19.160000 ,-3.956683 ,-19.563608,6.516154  ,0.000000  ,0.000000  ,0.005259  ,55.730000 ,-0.082872 ,8.102126  
19.200000 ,-4.207456 ,-19.523032,6.222489  ,0.000000  ,0.000000  ,0.001254  ,55.830000 ,-0.055162 ,8.924853  
19.240000 ,-4.455095 ,-19.468677,6.449031  ,0.000000  ,0.000000  ,0.003974  ,55.920000 ,-0.045648 ,8.575595  
19.280000 ,-4.709555 ,-19.399855,6.723644  ,0.000000  ,0.000000  ,0.002579  ,56.120000 ,-0.047043 ,6.083189  
19.320000 ,-4.971180 ,-19.319813,6.949634  ,0.000000  ,0.000000  ,-0.001622 ,56.120000 ,-0.062331 ,3.678578  
19.360000 ,-5.236123 ,-19.232341,6.999500  ,0.000000  ,0.000000  ,0.000267  ,56.310000 ,-0.119591 ,2.471250  
19.400000 ,-5.493146 ,-19.142210,6.619100  ,0.000000  ,0.000000  ,-0.011359 ,56.410000 ,-0.136657 ,2.943124  
19.440000 ,-5.733268 ,-19.050216,6.238700  ,0.000000  ,0.000000  ,0.008707  ,56.500000 ,-0.065920 ,5.617294  
19.480000 ,-5.962576 ,-18.949280,6.288532  ,0.000000  ,0.000000  ,0.005595  ,56.600000 ,-0.028708 ,8.338030  
19.520000 ,-6.192321 ,-18.832420,6.591563  ,0.000000  ,0.000000  ,-0.005047 ,56.700000 ,-0.004111 ,7.911730  
19.560000 ,-6.426548 ,-18.700566,6.840939  ,0.000000  ,0.000000  ,-0.004597 ,56.800000 ,-0.022724 ,5.456431  
19.600000 ,-6.665051 ,-18.558003,7.046161  ,0.000000  ,0.000000  ,0.013002  ,56.990000 ,-0.006595 ,3.016657  
19.640000 ,-6.907801 ,-18.408060,7.215047  ,0.000000  ,0.000000  ,-0.002059 ,56.990000 ,-0.027685 ,1.391729  
19.680000 ,-7.154612 ,-18.253023,7.354030  ,0.000000  ,0.000000  ,0.019226  ,57.180000 ,-0.005374 ,0.600132  
19.720000 ,-7.405021 ,-18.094219,7.468405  ,0.000000  ,0.000000  ,-0.000394 ,57.280000 ,-0.023243 ,0.374523  
19.760000 ,-7.658381 ,-17.932311,7.562528  ,0.000000  ,0.000000  ,0.011107  ,57.480000 ,-0.009430 ,0.449839  
19.800000 ,-7.913997 ,-17.767581,7.639987  ,0.000000  ,0.000000  ,-0.002416 ,57.570000 ,-0.013329 ,0.645867  
19.840000 ,-8.171204 ,-17.600130,7.703730  ,0.000000  ,0.000000  ,0.005970  ,57.670000 ,-0.014359 ,0.864024  
19.880000 ,-8.429415 ,-17.429983,7.756187  ,0.000000  ,0.000000  ,-0.003606 ,57.860000 ,-0.007736 ,1.060999  
19.920000 ,-8.688132 ,-17.257149,7.799357  ,0.000000  ,0.000000  ,-0.003919 ,57.960000 ,0.004411  ,1.224108  
19.960000 ,-8.946952 ,-17.081658,7.834882  ,0.000000  ,0.000000  ,0.001457  ,58.060000 ,0.012956  ,1.341341  
20.000000 ,-9.206048 ,-16.904277,7.864118  ,0.000000  ,0.000000  ,-0.010684 ,58.250000 ,0.002814  ,1.082277  
20.040000 ,-9.465586 ,-16.725663,7.888177  ,0.000000  ,0.000000  ,0.000992  ,58.350000 ,0.015757  ,0.516710  
20.080000 ,-9.725825 ,-16.546524,7.907976  ,0.000000  ,0.000000  ,-0.003151 ,58.450000 ,0.004355  ,0.111861  
20.120000 ,-9.987092 ,-16.367612,7.924270  ,0.000000  ,0.000000  ,-0.009223 ,58.540000 ,-0.008956 ,0.663335  
20.160000 ,-10.249664,-16.189562,7.937679  ,0.000000  ,0.000000  ,-0.004217 ,58.740000 ,-0.001744 ,1.079435  
20.200000 ,-10.513238,-16.012125,7.948713  ,0.000000  ,0.000000  ,-0.000760 ,58.830000 ,-0.001135 ,1.014355  
20.240000 ,-10.777521,-15.835025,7.957794  ,0.000000  ,0.000000  ,-0.011649 ,58.930000 ,-0.002865 ,0.550941  
20.280000 ,-11.042122,-15.657805,7.965267  ,0.000000  ,0.000000  ,-0.008260 ,59.130000 ,-0.004399 ,0.041277  
20.320000 ,-11.306569,-15.479868,7.971417  ,0.000000  ,0.000000  ,-0.006256 ,59.220000 ,0.004537  ,0.596559  
20.360000 ,-11.570436,-15.300676,7.976478  ,0.000000  ,0.000000  ,0.002997  ,59.420000 ,0.016871  ,1.035900  
20.400000 ,-11.833887,-15.120545,7.980642  ,0.000000  ,0.000000  ,0.016164  ,59.510000 ,0.026954  ,0.994952  
20.440000 ,-12.097097,-14.939795,7.984070  ,0.000000  ,0.000000  ,0.029965  ,59.610000 ,0.051428  ,0.547725  
20.480000 ,-12.360458,-14.759045,7.986890  ,0.000000  ,0.000000  ,0.008255  ,59.810000 ,0.014440  ,0.116471  
20.520000 ,-12.624875,-14.579661,7.989212  ,0.000000  ,0.000000  ,-0.007620 ,59.900000 ,-0.001984 ,1.072771  
20.560000 ,-12.890541,-14.401981,7.991122  ,0.000000  ,0.000000  ,0.013417  ,60.000000 ,0.013472  ,1.761762  
20.600000 ,-13.157353,-14.225900,7.992694  ,0.000000  ,0.000000  ,0.005335  ,60.190000 ,0.012595  ,1.748667  
20.640000 ,-13.425611,-14.051925,7.993987  ,0.000000  ,0.000000  ,-0.010113 ,60.290000 ,-0.015234 ,1.578066  
20.680000 ,-13.695321,-13.880123,7.995052  ,0.000000  ,0.000000  ,0.005126  ,60.490000 ,-0.000983 ,1.525819  
20.720000 ,-13.965936,-13.709675,7.995928  ,0.000000  ,0.000000  ,-0.003102 ,60.580000 ,0.003631  ,1.199015  
20.760000 ,-14.237073,-13.539999,7.996649  ,0.000000  ,0.000000  ,0.002377  ,60.680000 ,0.004172  ,0.611168  
20.800000 ,-14.508812,-13.371239,7.997242  ,0.000000  ,0.000000  ,-0.011333 ,60.870000 ,-0.012776 ,0.333411  
20.840000 ,-14.781107,-13.203337,7.997731  ,0.000000  ,0.000000  ,-0.006164 ,60.970000 ,-0.013891 ,0.424435  
20.880000 ,-15.053534,-13.035614,7.998132  ,0.000000  ,0.000000  ,-0.015025 ,61.070000 ,-0.002069 ,0.327954  
20.920000 ,-15.325865,-12.867709,7.998463  ,0.000000  ,0.000000  ,-0.002203 ,61.260000 ,-0.007861 ,0.040950  
20.960000 ,-15.597848,-12.699217,7.998735  ,0.000000  ,0.000000  ,0.001506  ,61.360000 ,0.003583  ,0.503202  
21.000000 ,-15.869181,-12.529663,7.998959  ,0.000000  ,0.000000  ,-0.006786 ,61.460000 ,-0.000555 ,0.922222  
21.040000 ,-16.140050,-12.359352,7.999143  ,0.000000  ,0.000000  ,0.001800  ,61.650000 ,0.019468  ,0.907686  
21.080000 ,-16.410147,-12.187807,7.999295  ,0.000000  ,0.000000  ,0.002580  ,61.750000 ,0.003937  ,0.851986  
21.120000 ,-16.679837,-12.015613,7.999420  ,0.000000  ,0.000000  ,-0.000546 ,61.840000 ,0.017005  ,0.596488  
21.160000 ,-16.949459,-11.843303,7.999523  ,0.000000  ,0.000000  ,-0.000878 ,62.040000 ,-0.001007 ,0.117400  
21.200000 ,-17.219327,-11.671373,7.999607  ,0.000000  ,0.000000  ,-0.002261 ,62.140000 ,-0.002175 ,0.403098  
21.240000 ,-17.489304,-11.499608,7.999677  ,0.000000  ,0.000000  ,-0.010322 ,62.230000 ,0.002451  ,0.497595  
21.280000 ,-17.759305,-11.327875,7.999734  ,0.000000  ,0.000000  ,-0.006116 ,62.430000 ,0.005430  ,0.200395  
21.320000 ,-18.029614,-11.156626,7.999781  ,0.000000  ,0.000000  ,0.001509  ,62.520000 ,0.006285  ,0.112103  
21.360000 ,-18.300335,-10.986024,7.999820  ,0.000000  ,0.000000  ,-0.000277 ,62.720000 ,0.016634  ,0.333730  
21.400000 ,-18.571618,-10.816314,7.999852  ,0.000000  ,0.000000  ,0.006558  ,62.820000 ,-0.000183 ,0.687488  
21.440000 ,-18.843684,-10.647860,7.999878  ,0.000000  ,0.000000  ,-0.005660 ,62.910000 ,0.002956  ,1.031443  
21.480000 ,-19.116289,-10.480280,7.999900  ,0.000000  ,0.000000  ,-0.004481 ,63.110000 ,-0.017002 ,0.967730  
21.520000 ,-19.389694,-10.314005,7.999917  ,0.000000  ,0.000000  ,-0.001654 ,63.200000 ,0.006544  ,0.881596  
21.560000 ,-19.663531,-10.148440,7.999932  ,0.000000  ,0.000000  ,-0.002636 ,63.400000 ,-0.015507 ,0.622390  
21.600000 ,-19.937929,-9.983808 ,7.999944  ,0.000000  ,0.000000  ,-0.005541 ,63.500000 ,0.003509  ,0.503106  
21.640000 ,-20.212506,-9.819472 ,7.999954  ,0.000000  ,0.000000  ,-0.009107 ,63.590000 ,-0.017261 ,0.286695  
21.680000 ,-20.487421,-9.655702 ,7.999962  ,0.000000  ,0.000000  ,0.000797  ,63.790000 ,0.014807  ,0.236912  
21.720000 ,-20.762340,-9.491938 ,7.999969  ,0.000000  ,0.000000  ,0.005168  ,63.880000 ,0.015538  ,0.091152  
21.760000 ,-21.037482,-9.328550 ,7.999974  ,0.000000  ,0.000000  ,-0.001945 ,63.980000 ,0.003074  ,0.115829  
21.800000 ,-21.313019,-9.165826 ,7.999979  ,0.000000  ,0.000000  ,0.004627  ,64.170000 ,0.011525  ,0.386272  
21.840000 ,-21.589124,-9.004069 ,7.999983  ,0.000000  ,0.000000  ,0.014228  ,64.270000 ,0.016598  ,0.753434  
21.880000 ,-21.866030,-8.843688 ,7.999986  ,0.000000  ,0.000000  ,-0.016518 ,64.470000 ,-0.014797 ,1.107297  
21.920000 ,-22.143942,-8.685054 ,7.999988  ,0.000000  ,0.000000  ,-0.002619 ,64.560000 ,-0.006419 ,1.387803  
21.960000 ,-22.422572,-8.527686 ,7.999990  ,0.000000  ,0.000000  ,-0.006704 ,64.660000 ,-0.012055 ,1.228462  
22.000000 ,-22.701665,-8.371140 ,7.999992  ,0.000000  ,0.000000  ,-0.011986 ,64.850000 ,-0.017423 ,0.695760  
22.040000 ,-22.980885,-8.214820 ,7.999993  ,0.000000  ,0.000000  ,0.007853  ,64.950000 ,-0.021885 ,0.050272  
22.080000 ,-23.259828,-8.058005 ,7.999995  ,0.000000  ,0.000000  ,-0.017831 ,65.050000 ,-0.037625 ,0.546819  
22.120000 ,-23.538038,-7.899895 ,7.999996  ,0.000000  ,0.000000  ,-0.001264 ,65.240000 ,0.001682  ,1.111572  
22.160000 ,-23.814768,-7.739210 ,7.999996  ,0.000000  ,0.000000  ,0.020242  ,65.340000 ,0.027670  ,1.863459  
22.200000 ,-24.090387,-7.576626 ,7.999997  ,0.000000  ,0.000000  ,0.002603  ,65.530000 ,0.039445  ,1.982182  
22.240000 ,-24.365112,-7.412535 ,7.999998  ,0.000000  ,0.000000  ,0.014462  ,65.630000 ,0.075370  ,1.391018  
22.280000 ,-24.633422,-7.252531 ,7.620494  ,0.000000  ,0.000000  ,-0.011525 ,65.730000 ,0.045502  ,0.124556  
22.320000 ,-24.894967,-7.100007 ,7.529917  ,0.000000  ,0.000000  ,0.002956  ,65.920000 ,0.052578  ,1.919148  
22.360000 ,-25.158942,-6.951446 ,7.613149  ,0.000000  ,0.000000  ,-0.008297 ,66.020000 ,0.030472  ,3.519750  
22.400000 ,-25.428162,-6.807027 ,7.661144  ,0.000000  ,0.000000  ,0.005138  ,66.120000 ,0.073749  ,4.244313  
22.440000 ,-25.694350,-6.671219 ,7.280744  ,0.000000  ,0.000000  ,-0.003188 ,66.310000 ,0.083458  ,5.271975  
22.480000 ,-25.951000,-6.550545 ,6.900344  ,0.000000  ,0.000000  ,-0.001055 ,66.410000 ,0.143065  ,8.243615  
22.520000 ,-26.198990,-6.447972 ,6.519944  ,0.000000  ,0.000000  ,-0.007166 ,66.500000 ,0.185588  ,12.955040 
22.560000 ,-26.439730,-6.369878 ,6.139544  ,0.000000  ,0.000000  ,-0.007549 ,66.600000 ,0.152747  ,19.864028 
22.600000 ,-26.672948,-6.323478 ,5.759144  ,0.000000  ,0.000000  ,-0.002028 ,66.800000 ,0.209980  ,28.831834 
22.640000 ,-26.895226,-6.315550 ,5.378744  ,0.000000  ,0.000000  ,-0.002469 ,66.890000 ,0.225897  ,38.651854 
22.680000 ,-27.098339,-6.355138 ,4.998344  ,0.000000  ,0.000000  ,-0.001732 ,66.990000 ,0.063830  ,49.130805 
22.720000 ,-27.277741,-6.456657 ,5.345279  ,0.000000  ,0.000000  ,0.005174  ,67.090000 ,0.099230  ,41.129618 
22.760000 ,-27.431893,-6.606726 ,5.426602  ,0.000000  ,0.000000  ,0.002410  ,67.380000 ,0.144476  ,25.814181 
22.800000 ,-27.556005,-6.775319 ,5.060037  ,0.000000  ,0.000000  ,0.008792  ,67.480000 ,0.177378  ,20.374541 
22.840000 ,-27.648215,-6.946759 ,4.688516  ,0.000000  ,0.000000  ,0.016843  ,67.570000 ,0.090741  ,22.200233 
22.880000 ,-27.710672,-7.130564 ,5.018522  ,0.000000  ,0.000000  ,0.003152  ,67.670000 ,0.061842  ,18.126473 
22.920000 ,-27.753406,-7.334421 ,5.398922  ,0.000000  ,0.000000  ,-0.011733 ,67.770000 ,0.059110  ,9.958316  
22.960000 ,-27.786018,-7.552661 ,5.627973  ,0.000000  ,0.000000  ,0.010916  ,67.860000 ,0.119165  ,4.390839  
23.000000 ,-27.812110,-7.773404 ,5.502644  ,0.000000  ,0.000000  ,-0.000917 ,67.960000 ,0.207696  ,2.229042  
23.040000 ,-27.830649,-7.985080 ,5.122244  ,0.000000  ,0.000000  ,0.001693  ,68.060000 ,0.174521  ,3.015022  
23.080000 ,-27.838118,-8.182186 ,4.741844  ,0.000000  ,0.000000  ,-0.005226 ,68.160000 ,0.086156  ,6.453346  
23.120000 ,-27.831240,-8.375875 ,4.945030  ,0.000000  ,0.000000  ,-0.021199 ,68.250000 ,0.050132  ,7.986035  
23.160000 ,-27.810384,-8.578875 ,5.250382  ,0.000000  ,0.000000  ,0.001366  ,68.350000 ,0.043077  ,6.246178  
23.200000 ,-27.778894,-8.794198 ,5.630782  ,0.000000  ,0.000000  ,-0.009038 ,68.450000 ,0.039879  ,3.744693  
23.240000 ,-27.739710,-9.023714 ,6.011182  ,0.000000  ,0.000000  ,-0.000990 ,68.540000 ,0.085369  ,1.837525  
23.280000 ,-27.695657,-9.260267 ,6.019677  ,0.000000  ,0.000000  ,-0.007999 ,68.640000 ,0.068277  ,1.199253  
23.320000 ,-27.647260,-9.497736 ,6.095684  ,0.000000  ,0.000000  ,0.005833  ,68.740000 ,0.093054  ,1.658074  
23.360000 ,-27.593846,-9.734755 ,6.057683  ,0.000000  ,0.000000  ,-0.012681 ,68.830000 ,0.081921  ,2.715669  
23.400000 ,-27.535168,-9.966254 ,5.903811  ,0.000000  ,0.000000  ,0.003603  ,69.030000 ,0.088634  ,4.214168  
23.440000 ,-27.469065,-10.193722,5.939703  ,0.000000  ,0.000000  ,0.002577  ,69.030000 ,0.078806  ,5.234720  
23.480000 ,-27.393252,-10.420840,6.030230  ,0.000000  ,0.000000  ,0.001479  ,69.220000 ,0.078660  ,5.398449  
23.520000 ,-27.307412,-10.647728,6.097637  ,0.000000  ,0.000000  ,0.006545  ,69.320000 ,0.088590  ,5.230831  
23.560000 ,-27.212228,-10.872752,6.118802  ,0.000000  ,0.000000  ,0.007253  ,69.420000 ,0.093104  ,5.202273  
23.600000 ,-27.108508,-11.093831,6.095062  ,0.000000  ,0.000000  ,0.012619  ,69.510000 ,0.092627  ,5.478323  
23.640000 ,-26.995901,-11.310878,6.130672  ,0.000000  ,0.000000  ,-0.014846 ,69.610000 ,0.071653  ,5.700093  
23.680000 ,-26.874640,-11.522872,6.087104  ,0.000000  ,0.000000  ,0.010037  ,69.710000 ,0.106299  ,6.010787  
23.720000 ,-26.747017,-11.724890,5.887736  ,0.000000  ,0.000000  ,-0.007998 ,69.810000 ,0.106315  ,7.156842  
23.760000 ,-26.614839,-11.910899,5.547445  ,0.000000  ,0.000000  ,-0.002998 ,70.000000 ,0.046624  ,9.874650  
23.800000 ,-26.469128,-12.088153,5.927845  ,0.000000  ,0.000000  ,0.000019  ,70.000000 ,0.049641  ,9.307445  
23.840000 ,-26.303701,-12.268252,6.291774  ,0.000000  ,0.000000  ,0.001230  ,70.100000 ,0.059237  ,5.649160  
23.880000 ,-26.124853,-12.451001,6.487663  ,0.000000  ,0.000000  ,-0.005470 ,70.190000 ,0.119211  ,2.908784  
23.920000 ,-25.944846,-12.627206,6.107263  ,0.000000  ,0.000000  ,-0.011982 ,70.390000 ,0.146052  ,2.415574  
23.960000 ,-25.771058,-12.787861,5.726863  ,0.000000  ,0.000000  ,0.009821  ,70.490000 ,0.119975  ,4.414389  
24.000000 ,-25.599411,-12.932293,5.518203  ,0.000000  ,0.000000  ,0.010399  ,70.580000 ,0.054819  ,7.787928  
24.040000 ,-25.416062,-13.068325,5.898603  ,0.000000  ,0.000000  ,0.004010  ,70.680000 ,0.020397  ,7.737776  
24.080000 ,-25.213944,-13.204001,6.266237  ,0.000000  ,0.000000  ,-0.009598 ,70.780000 ,0.024295  ,4.923365  
24.120000 ,-24.997087,-13.341872,6.573215  ,0.000000  ,0.000000  ,-0.002824 ,70.870000 ,0.049523  ,2.296556  
24.160000 ,-24.769772,-13.482623,6.788430  ,0.000000  ,0.000000  ,0.001899  ,70.970000 ,0.088213  ,0.801716  
24.200000 ,-24.543888,-13.619234,6.418987  ,0.000000  ,0.000000  ,-0.006390 ,71.070000 ,0.108325  ,0.884576  
24.240000 ,-24.328436,-13.744350,6.038587  ,0.000000  ,0.000000  ,0.002805  ,71.260000 ,-0.046817 ,2.720076  
24.280000 ,-24.109752,-13.862775,6.385873  ,0.000000  ,0.000000  ,-0.001729 ,71.260000 ,-0.072007 ,4.060739  
24.320000 ,-23.881216,-13.979566,6.444951  ,0.000000  ,0.000000  ,-0.013666 ,71.460000 ,-0.110471 ,3.730622  
24.360000 ,-23.657760,-14.092224,6.076239  ,0.000000  ,0.000000  ,-0.005564 ,71.550000 ,-0.153115 ,2.305431  
24.400000 ,-23.448465,-14.200054,5.695839  ,0.000000  ,0.000000  ,-0.004538 ,71.650000 ,-0.166617 ,-0.349369 
24.440000 ,-23.255516,-14.306183,5.315439  ,0.000000  ,0.000000  ,0.003454  ,71.750000 ,-0.171123 ,-4.424234 
24.480000 ,-23.081526,-14.414534,4.935039  ,0.000000  ,0.000000  ,-0.024210 ,71.840000 ,-0.156820 ,-9.699228 
24.520000 ,-22.924319,-14.532632,4.904438  ,0.000000  ,0.000000  ,-0.005182 ,71.940000 ,-0.120253 ,-12.712453
24.560000 ,-22.779674,-14.666859,4.964558  ,0.000000  ,0.000000  ,0.000176  ,72.040000 ,-0.107567 ,-11.951690
24.600000 ,-22.646219,-14.816073,5.045355  ,0.000000  ,0.000000  ,0.007091  ,72.140000 ,-0.114533 ,-9.767264 
24.640000 ,-22.523638,-14.976588,5.054932  ,0.000000  ,0.000000  ,0.001282  ,72.330000 ,-0.378575 ,-8.014251 
24.680000 ,-22.416308,-15.138856,4.674532  ,0.000000  ,0.000000  ,0.010904  ,72.330000 ,-0.128007 ,-8.704119 
24.720000 ,-22.326592,-15.303210,4.691081  ,0.000000  ,0.000000  ,-0.010898 ,72.430000 ,-0.129949 ,-9.591407 
24.760000 ,-22.251390,-15.476910,4.773186  ,0.000000  ,0.000000  ,-0.012558 ,72.520000 ,-0.369045 ,-8.722679 
24.800000 ,-22.192430,-15.650435,4.392786  ,0.000000  ,0.000000  ,0.005503  ,72.620000 ,-0.323915 ,-9.705174 
24.840000 ,-22.154770,-15.814150,4.012386  ,0.000000  ,0.000000  ,-0.001644 ,72.720000 ,-0.063060 ,-13.294896
24.880000 ,-22.142547,-15.981644,4.392786  ,0.000000  ,0.000000  ,0.008662  ,72.820000 ,-0.124404 ,-11.537955
24.920000 ,-22.151259,-16.158821,4.477792  ,0.000000  ,0.000000  ,-0.015398 ,72.910000 ,-0.161307 ,-8.518590 
24.960000 ,-22.174973,-16.336950,4.508405  ,0.000000  ,0.000000  ,-0.003828 ,72.910000 ,-0.053450 ,-7.050985 
25.000000 ,-22.213303,-16.520912,4.888805  ,0.000000  ,0.000000  ,-0.011784 ,73.110000 ,-0.122996 ,-5.195300 
25.040000 ,-22.263265,-16.711643,4.967807  ,0.000000  ,0.000000  ,-0.002402 ,73.110000 ,-0.056002 ,-4.018417 
25.080000 ,-22.323413,-16.908990,5.348207  ,0.000000  ,0.000000  ,0.002074  ,73.200000 ,-0.065730 ,-3.142980 
25.120000 ,-22.393090,-17.117002,5.612588  ,0.000000  ,0.000000  ,-0.019039 ,73.300000 ,-0.112017 ,-2.333363 
25.160000 ,-22.469764,-17.328877,5.652563  ,0.000000  ,0.000000  ,0.004505  ,73.500000 ,-0.317763 ,-2.323759 
25.200000 ,-22.550642,-17.531835,5.272163  ,0.000000  ,0.000000  ,-0.000859 ,73.590000 ,-0.118578 ,-4.133561 
25.240000 ,-22.639527,-17.721770,5.221999  ,0.000000  ,0.000000  ,0.000858  ,73.590000 ,-0.295991 ,-7.152420 
25.280000 ,-22.737859,-17.897334,4.841599  ,0.000000  ,0.000000  ,-0.007013 ,73.690000 ,-0.056636 ,-11.143222
25.320000 ,-22.853010,-18.062289,5.221999  ,0.000000  ,0.000000  ,-0.007741 ,73.880000 ,-0.207401 ,-11.002076
25.360000 ,-22.983279,-18.215636,4.841599  ,0.000000  ,0.000000  ,0.005020  ,73.880000 ,-0.142297 ,-11.257290
25.400000 ,-23.120908,-18.347800,4.719915  ,0.000000  ,0.000000  ,0.004923  ,73.980000 ,-0.060191 ,-13.355682
25.440000 ,-23.276568,-18.467431,5.099199  ,0.000000  ,0.000000  ,-0.011789 ,74.080000 ,-0.090357 ,-10.492648
25.480000 ,-23.450682,-18.582170,5.321349  ,0.000000  ,0.000000  ,0.008630  ,74.170000 ,-0.126752 ,-6.297800 
25.520000 ,-23.628528,-18.687137,5.041606  ,0.000000  ,0.000000  ,0.015106  ,74.270000 ,-0.034516 ,-5.070732 
25.560000 ,-23.813522,-18.784940,5.422006  ,0.000000  ,0.000000  ,0.000036  ,74.370000 ,-0.127476 ,-4.219923 
25.600000 ,-24.003562,-18.877000,5.169563  ,0.000000  ,0.000000  ,-0.010419 ,74.470000 ,-0.060042 ,-4.074363 
25.640000 ,-24.200027,-18.962785,5.549963  ,0.000000  ,0.000000  ,0.000783  ,74.560000 ,-0.049390 ,-3.742787 
25.680000 ,-24.413042,-19.048469,5.930363  ,0.000000  ,0.000000  ,0.000572  ,74.660000 ,-0.184095 ,-2.639622 
25.720000 ,-24.627900,-19.129416,5.549963  ,0.000000  ,0.000000  ,-0.001325 ,74.760000 ,-0.167112 ,-2.739515 
25.760000 ,-24.831334,-19.196995,5.169563  ,0.000000  ,0.000000  ,-0.003649 ,74.850000 ,-0.157148 ,-5.426098 
25.800000 ,-25.024112,-19.248009,4.825547  ,0.000000  ,0.000000  ,-0.002434 ,74.950000 ,-0.091696 ,-9.982171 
25.840000 ,-25.218297,-19.281708,5.026290  ,0.000000  ,0.000000  ,0.002096  ,75.050000 ,-0.054849 ,-10.635207
25.880000 ,-25.425998,-19.301347,5.406690  ,0.000000  ,0.000000  ,0.003986  ,75.150000 ,-0.089342 ,-7.190169 
25.920000 ,-25.643548,-19.311527,5.481168  ,0.000000  ,0.000000  ,0.010873  ,75.240000 ,-0.084591 ,-4.368632 
25.960000 ,-25.863795,-19.313873,5.530782  ,0.000000  ,0.000000  ,0.020119  ,75.340000 ,-0.066647 ,-3.329790 
26.000000 ,-26.086848,-19.309354,5.621806  ,0.000000  ,0.000000  ,0.004336  ,75.440000 ,-0.121038 ,3.178956  
26.040000 ,-26.304234,-19.298204,5.290548  ,0.000000  ,0.000000  ,-0.003428 ,75.530000 ,-0.109606 ,4.283737  
26.080000 ,-26.515523,-19.278310,5.320726  ,0.000000  ,0.000000  ,0.015707  ,75.630000 ,-0.066894 ,5.459561  
26.120000 ,-26.729311,-19.247466,5.475726  ,0.000000  ,0.000000  ,0.000984  ,75.730000 ,-0.054017 ,5.504799  
26.160000 ,-26.951950,-19.205611,5.845298  ,0.000000  ,0.000000  ,-0.004315 ,75.830000 ,-0.070216 ,4.256517  
26.200000 ,-27.184278,-19.154894,6.039093  ,0.000000  ,0.000000  ,-0.008801 ,75.920000 ,-0.070253 ,2.942680  
26.240000 ,-27.423009,-19.096591,6.242399  ,0.000000  ,0.000000  ,0.010588  ,76.120000 ,-0.039034 ,2.406604  
26.280000 ,-27.670477,-19.030637,6.553598  ,0.000000  ,0.000000  ,-0.004485 ,76.120000 ,-0.058176 ,2.189449  
26.320000 ,-27.926623,-18.957840,6.754875  ,0.000000  ,0.000000  ,-0.006571 ,76.310000 ,-0.051017 ,2.017378  
26.360000 ,-28.189738,-18.878781,6.975335  ,0.000000  ,0.000000  ,-0.006095 ,76.410000 ,-0.055718 ,1.920773  
26.400000 ,-28.459343,-18.793573,7.156761  ,0.000000  ,0.000000  ,0.013867  ,76.600000 ,-0.035494 ,1.927940  
26.440000 ,-28.733976,-18.702482,7.306064  ,0.000000  ,0.000000  ,-0.001651 ,76.700000 ,-0.043338 ,2.066624  
26.480000 ,-29.012367,-18.605585,7.428932  ,0.000000  ,0.000000  ,-0.010500 ,76.800000 ,-0.047384 ,2.304105  
26.520000 ,-29.293405,-18.502821,7.530045  ,0.000000  ,0.000000  ,-0.004725 ,76.890000 ,-0.030445 ,2.596923  
26.560000 ,-29.576121,-18.394064,7.613254  ,0.000000  ,0.000000  ,-0.005554 ,77.090000 ,-0.005339 ,2.898698  
26.600000 ,-29.859976,-18.279938,7.681731  ,0.000000  ,0.000000  ,0.005021  ,77.280000 ,-0.003753 ,2.876236  
26.640000 ,-30.144520,-18.160929,7.738083  ,0.000000  ,0.000000  ,0.001311  ,77.380000 ,-0.010877 ,2.582913  
26.680000 ,-30.429429,-18.037548,7.784458  ,0.000000  ,0.000000  ,-0.001944 ,77.570000 ,-0.051566 ,2.236658  
26.720000 ,-30.714486,-17.910315,7.822622  ,0.000000  ,0.000000  ,-0.004787 ,77.670000 ,-0.058516 ,1.969796  
26.760000 ,-30.996935,-17.779758,7.745676  ,0.000000  ,0.000000  ,0.001077  ,77.770000 ,-0.046660 ,2.308709  
26.800000 ,-31.276950,-17.645007,7.790706  ,0.000000  ,0.000000  ,0.001782  ,77.960000 ,-0.075732 ,2.973491  
26.840000 ,-31.548326,-17.507970,7.410306  ,0.000000  ,0.000000  ,-0.000899 ,78.060000 ,-0.050521 ,4.563282  
26.880000 ,-31.810782,-17.365669,7.514717  ,0.000000  ,0.000000  ,0.003845  ,78.160000 ,-0.108807 ,6.191743  
26.920000 ,-32.063514,-17.217501,7.134317  ,0.000000  ,0.000000  ,-0.003535 ,78.350000 ,-0.053157 ,8.184082  
26.960000 ,-32.304892,-17.059496,7.287594  ,0.000000  ,0.000000  ,-0.005783 ,78.450000 ,-0.054080 ,9.747078  
27.000000 ,-32.542357,-16.886027,7.413732  ,0.000000  ,0.000000  ,-0.003646 ,78.540000 ,-0.053269 ,8.884418  
27.040000 ,-32.775606,-16.699485,7.517536  ,0.000000  ,0.000000  ,0.002004  ,78.740000 ,-0.210655 ,7.169755  
27.080000 ,-32.997431,-16.507948,7.137136  ,0.000000  ,0.000000  ,0.003849  ,78.830000 ,-0.219075 ,7.382505  
27.120000 ,-33.197901,-16.315600,6.756736  ,0.000000  ,0.000000  ,-0.013700 ,79.030000 ,-0.193426 ,11.785876 
27.160000 ,-33.371641,-16.118754,6.376336  ,0.000000  ,0.000000  ,0.003469  ,79.130000 ,-0.069353 ,20.268849 
27.200000 ,-33.515336,-15.907322,6.416067  ,0.000000  ,0.000000  ,-0.004271 ,79.220000 ,-0.053894 ,25.515610 
27.240000 ,-33.630576,-15.671754,6.696516  ,0.000000  ,0.000000  ,-0.020558 ,79.420000 ,-0.051786 ,21.110301 
27.280000 ,-33.724475,-15.415897,6.927310  ,0.000000  ,0.000000  ,-0.004888 ,79.510000 ,-0.054511 ,12.879400 
27.320000 ,-33.805009,-15.146701,7.117239  ,0.000000  ,0.000000  ,-0.005080 ,79.610000 ,-0.091943 ,6.337799  
27.360000 ,-33.874823,-14.878571,6.736839  ,0.000000  ,0.000000  ,-0.017695 ,79.710000 ,-0.146494 ,3.970639  
27.400000 ,-33.932705,-14.623195,6.356439  ,0.000000  ,0.000000  ,-0.005328 ,79.900000 ,-0.108283 ,5.332171  
27.440000 ,-33.976546,-14.380502,5.976039  ,0.000000  ,0.000000  ,0.005766  ,79.900000 ,-0.043857 ,9.287926  
27.480000 ,-34.004675,-14.135775,6.333415  ,0.000000  ,0.000000  ,0.007927  ,80.000000 ,-0.019833 ,9.992498  
27.520000 ,-34.019391,-13.876797,6.628499  ,0.000000  ,0.000000  ,-0.002344 ,80.190000 ,-0.047987 ,6.946243  
27.560000 ,-34.025460,-13.606728,6.871335  ,0.000000  ,0.000000  ,-0.002514 ,80.190000 ,-0.053429 ,3.781596  
27.600000 ,-34.025950,-13.328134,7.053043  ,0.000000  ,0.000000  ,0.006730  ,80.390000 ,-0.086856 ,1.880140  
27.640000 ,-34.022017,-13.053652,6.672643  ,0.000000  ,0.000000  ,-0.002535 ,80.580000 ,-0.068436 ,1.941420  
27.680000 ,-34.012555,-12.785995,6.717521  ,0.000000  ,0.000000  ,-0.005534 ,80.580000 ,-0.056732 ,3.178461  
27.720000 ,-33.996122,-12.513570,6.922596  ,0.000000  ,0.000000  ,0.009533  ,80.780000 ,-0.040089 ,3.849836  
27.760000 ,-33.972516,-12.233735,7.113360  ,0.000000  ,0.000000  ,0.006066  ,80.870000 ,-0.001456 ,3.657019  
27.800000 ,-33.942093,-11.947582,7.270348  ,0.000000  ,0.000000  ,0.001864  ,80.970000 ,0.021693  ,3.190013  
27.840000 ,-33.906349,-11.656293,7.399539  ,0.000000  ,0.000000  ,0.011763  ,81.170000 ,-0.010653 ,2.502791  
27.880000 ,-33.868461,-11.370190,7.050336  ,0.000000  ,0.000000  ,-0.007329 ,81.260000 ,0.007547  ,2.011472  
27.920000 ,-33.829701,-11.098536,6.669936  ,0.000000  ,0.000000  ,-0.000470 ,81.360000 ,0.105827  ,2.191959  
27.960000 ,-33.791349,-10.842201,6.289536  ,0.000000  ,0.000000  ,-0.002519 ,81.460000 ,0.149215  ,2.368982  
28.000000 ,-33.755976,-10.600807,5.909136  ,0.000000  ,0.000000  ,-0.013447 ,81.550000 ,0.360622  ,1.263404  
28.040000 ,-33.727393,-10.373850,5.528736  ,0.000000  ,0.000000  ,0.001977  ,81.650000 ,0.401977  ,1.937665  
28.080000 ,-33.710733,-10.161005,5.148336  ,0.000000  ,0.000000  ,0.010563  ,81.840000 ,0.410563  ,7.454368  
28.120000 ,-33.715513,-9.962890 ,4.767936  ,0.000000  ,0.000000  ,0.009106  ,81.940000 ,0.329758  ,15.881563 
28.160000 ,-33.749607,-9.783263 ,4.387536  ,0.000000  ,0.000000  ,-0.005551 ,81.940000 ,0.070571  ,26.236916 
28.200000 ,-33.824192,-9.616715 ,4.750897  ,0.000000  ,0.000000  ,0.000773  ,82.230000 ,-0.016544 ,23.814702 
28.240000 ,-33.936717,-9.454766 ,5.106255  ,0.000000  ,0.000000  ,-0.005234 ,82.330000 ,-0.031139 ,14.167977 
28.280000 ,-34.073373,-9.292914 ,5.486655  ,0.000000  ,0.000000  ,-0.000481 ,82.330000 ,0.025931  ,6.889310  
28.320000 ,-34.221479,-9.130093 ,5.517854  ,0.000000  ,0.000000  ,-0.012612 ,82.430000 ,-0.062234 ,2.777291  
28.360000 ,-34.377586,-8.963475 ,5.898254  ,0.000000  ,0.000000  ,0.011243  ,82.520000 ,-0.182812 ,0.747174  
28.400000 ,-34.533079,-8.796287 ,5.517854  ,0.000000  ,0.000000  ,-0.015314 ,82.620000 ,-0.238039 ,0.793424  
28.440000 ,-34.673407,-8.635934 ,5.137454  ,0.000000  ,0.000000  ,0.018420  ,82.720000 ,-0.031202 ,3.898666  
28.480000 ,-34.803541,-8.467224 ,5.517854  ,0.000000  ,0.000000  ,0.002922  ,82.820000 ,-0.130660 ,5.959472  
28.520000 ,-34.922994,-8.290520 ,5.167836  ,0.000000  ,0.000000  ,0.002635  ,83.110000 ,-0.096972 ,8.485845  
28.560000 ,-35.026771,-8.109820 ,5.251352  ,0.000000  ,0.000000  ,0.004452  ,83.200000 ,-0.045170 ,9.936184  
28.600000 ,-35.120756,-7.913538 ,5.631752  ,0.000000  ,0.000000  ,0.006168  ,83.300000 ,-0.051959 ,7.648025  
28.640000 ,-35.210458,-7.699933 ,5.943150  ,0.000000  ,0.000000  ,0.004933  ,83.500000 ,-0.044689 ,4.475423  
28.680000 ,-35.299315,-7.471466 ,6.304998  ,0.000000  ,0.000000  ,0.000885  ,83.590000 ,-0.123504 ,2.192317  
28.720000 ,-35.383707,-7.241899 ,5.924598  ,0.000000  ,0.000000  ,0.008899  ,83.590000 ,-0.126556 ,1.849815  
28.760000 ,-35.456679,-7.024451 ,5.544198  ,0.000000  ,0.000000  ,-0.002358 ,83.690000 ,-0.124167 ,3.947770  
28.800000 ,-35.517104,-6.817110 ,5.288477  ,0.000000  ,0.000000  ,0.020687  ,83.790000 ,-0.069204 ,7.117690  
28.840000 ,-35.564699,-6.608601 ,5.403537  ,0.000000  ,0.000000  ,0.012106  ,83.880000 ,-0.066155 ,8.068974  
28.880000 ,-35.600743,-6.391951 ,5.574009  ,0.000000  ,0.000000  ,0.013006  ,83.980000 ,-0.071374 ,6.835854  
28.920000 ,-35.626645,-6.168477 ,5.672479  ,0.000000  ,0.000000  ,0.015905  ,84.080000 ,-0.033717 ,5.436410  
28.960000 ,-35.644544,-5.934663 ,6.052879  ,0.000000  ,0.000000  ,-0.001088 ,84.170000 ,-0.091065 ,3.820880  
29.000000 ,-35.656437,-5.694362 ,5.985948  ,0.000000  ,0.000000  ,-0.008614 ,84.270000 ,-0.120080 ,2.984411  
29.040000 ,-35.661276,-5.462382 ,5.635036  ,0.000000  ,0.000000  ,-0.012361 ,84.370000 ,-0.133392 ,4.065744  
29.080000 ,-35.656938,-5.243666 ,5.339280  ,0.000000  ,0.000000  ,-0.004987 ,84.470000 ,-0.100157 ,6.766964  
29.120000 ,-35.639471,-5.029272 ,5.415601  ,0.000000  ,0.000000  ,-0.008900 ,84.560000 ,-0.060470 ,8.225035  
29.160000 ,-35.607172,-4.807408 ,5.796001  ,0.000000  ,0.000000  ,0.008697  ,84.660000 ,-0.046178 ,6.720817  
29.200000 ,-35.562642,-4.573166 ,6.116622  ,0.000000  ,0.000000  ,-0.001515 ,84.760000 ,-0.075012 ,4.158823  
29.240000 ,-35.510102,-4.332521 ,6.196940  ,0.000000  ,0.000000  ,-0.003869 ,84.850000 ,-0.113820 ,2.683655  
29.280000 ,-35.452735,-4.099209 ,5.816540  ,0.000000  ,0.000000  ,-0.008224 ,84.950000 ,-0.112387 ,3.372383  
29.320000 ,-35.390194,-3.879178 ,5.644070  ,0.000000  ,0.000000  ,-0.000814 ,85.050000 ,-0.086873 ,5.593431  
29.360000 ,-35.317555,-3.663807 ,5.719447  ,0.000000  ,0.000000  ,-0.002200 ,85.150000 ,-0.051823 ,6.816490  
29.400000 ,-35.231198,-3.443781 ,6.099621  ,0.000000  ,0.000000  ,0.001801  ,85.240000 ,-0.066742 ,5.627467  
29.440000 ,-35.133051,-3.217613 ,6.224396  ,0.000000  ,0.000000  ,0.000782  ,85.440000 ,-0.101089 ,3.961838  
29.480000 ,-35.029790,-2.999193 ,5.876499  ,0.000000  ,0.000000  ,-0.000921 ,85.530000 ,-0.103907 ,4.408434  
29.520000 ,-34.922745,-2.794746 ,5.687900  ,0.000000  ,0.000000  ,-0.008023 ,85.630000 ,-0.068475 ,6.511773  
29.560000 ,-34.803966,-2.594090 ,5.963881  ,0.000000  ,0.000000  ,0.008294  ,85.730000 ,-0.043650 ,6.783292  
29.600000 ,-34.669492,-2.388923 ,6.292329  ,0.000000  ,0.000000  ,0.005035  ,85.830000 ,-0.053010 ,5.068816  
29.640000 ,-34.522833,-2.179447 ,6.487688  ,0.000000  ,0.000000  ,-0.008360 ,85.920000 ,-0.077484 ,3.348842  
29.680000 ,-34.368593,-1.969453 ,6.538667  ,0.000000  ,0.000000  ,0.007848  ,86.020000 ,-0.076898 ,2.597538  
29.720000 ,-34.212025,-1.766781 ,6.298240  ,0.000000  ,0.000000  ,0.003824  ,86.120000 ,-0.089893 ,3.464752  
29.760000 ,-34.056135,-1.576877 ,6.022888  ,0.000000  ,0.000000  ,0.010928  ,86.210000 ,-0.071066 ,5.580745  
29.800000 ,-33.895363,-1.396522 ,6.057637  ,0.000000  ,0.000000  ,0.005373  ,86.310000 ,-0.059903 ,6.878093  
29.840000 ,-33.723612,-1.220927 ,6.219712  ,0.000000  ,0.000000  ,0.004461  ,86.410000 ,-0.057779 ,6.448051  
29.880000 ,-33.540389,-1.047711 ,6.382931  ,0.000000  ,0.000000  ,-0.005794 ,86.500000 ,-0.096192 ,5.087086  
29.920000 ,-33.353626,-0.882483 ,6.119969  ,0.000000  ,0.000000  ,0.010717  ,86.600000 ,-0.081459 ,4.946195  
29.960000 ,-33.166285,-0.730118 ,5.973971  ,0.000000  ,0.000000  ,0.012726  ,86.700000 ,-0.065353 ,6.382228  
30.000000 ,-32.972936,-0.587271 ,6.044764  ,0.000000  ,0.000000  ,0.005807  ,86.800000 ,-0.055764 ,7.081471  
30.040000 ,-32.768487,-0.450614 ,6.245835  ,0.000000  ,0.000000  ,0.002011  ,86.890000 ,-0.061520 ,6.208057  
30.080000 ,-32.553160,-0.318123 ,6.391478  ,0.000000  ,0.000000  ,-0.000608 ,86.990000 ,-0.101410 ,4.740196  
30.120000 ,-32.337928,-0.194840 ,6.011078  ,0.000000  ,0.000000  ,-0.004373 ,87.090000 ,-0.117401 ,4.871426  
30.160000 ,-32.131184,-0.087658 ,5.643200  ,0.000000  ,0.000000  ,0.000459  ,87.280000 ,-0.065540 ,7.568034  
30.200000 ,-31.920813,0.006303  ,5.871849  ,0.000000  ,0.000000  ,-0.015641 ,87.380000 ,-0.065263 ,8.469175  
30.240000 ,-31.694328,0.092627  ,6.241967  ,0.000000  ,0.000000  ,0.001772  ,87.380000 ,-0.047851 ,6.247275  
30.280000 ,-31.451745,0.174681  ,6.553242  ,0.000000  ,0.000000  ,0.002970  ,87.570000 ,-0.112087 ,3.741390  
30.320000 ,-31.208611,0.249933  ,6.172842  ,0.000000  ,0.000000  ,0.002892  ,87.670000 ,-0.123039 ,3.299436  
30.360000 ,-30.977727,0.312803  ,5.792442  ,0.000000  ,0.000000  ,0.001893  ,87.770000 ,-0.086716 ,5.656679  
30.400000 ,-30.750878,0.363099  ,5.825891  ,0.000000  ,0.000000  ,0.010703  ,87.860000 ,-0.033513 ,7.785896  
30.440000 ,-30.513554,0.402559  ,6.200275  ,0.000000  ,0.000000  ,0.006057  ,87.960000 ,-0.028940 ,6.650993  
30.480000 ,-30.261016,0.434656  ,6.518933  ,0.000000  ,0.000000  ,0.004027  ,88.060000 ,-0.040656 ,4.086971  
30.520000 ,-29.996335,0.462661  ,6.781169  ,0.000000  ,0.000000  ,-0.001242 ,88.160000 ,-0.064335 ,2.007761  
30.560000 ,-29.725084,0.487461  ,6.836376  ,0.000000  ,0.000000  ,0.007957  ,88.250000 ,-0.063304 ,1.253010  
30.600000 ,-29.454505,0.507850  ,6.743187  ,0.000000  ,0.000000  ,0.005644  ,88.350000 ,-0.048577 ,1.935346  
30.640000 ,-29.181939,0.523966  ,6.904210  ,0.000000  ,0.000000  ,0.008432  ,88.450000 ,-0.032570 ,2.650127  
30.680000 ,-28.902011,0.535440  ,7.098230  ,0.000000  ,0.000000  ,0.002545  ,88.640000 ,-0.030315 ,-2.789716 
30.720000 ,-28.614870,0.542032  ,7.257896  ,0.000000  ,0.000000  ,0.002059  ,88.740000 ,-0.023892 ,-2.684880 
30.760000 ,-28.321859,0.544492  ,7.389292  ,0.000000  ,0.000000  ,-0.007848 ,88.830000 ,-0.029993 ,-2.335691 
30.800000 ,-28.024062,0.543456  ,7.497424  ,0.000000  ,0.000000  ,-0.005976 ,88.930000 ,-0.025885 ,-1.884303 
30.840000 ,-27.722359,0.539445  ,7.586409  ,0.000000  ,0.000000  ,0.001778  ,89.030000 ,-0.015593 ,-1.518512 
30.880000 ,-27.417465,0.532883  ,7.659639  ,0.000000  ,0.000000  ,0.016069  ,89.220000 ,0.002252  ,-1.301290 
30.920000 ,-27.109961,0.524168  ,7.719903  ,0.000000  ,0.000000  ,-0.016844 ,89.320000 ,-0.026886 ,-1.142122 
30.960000 ,-26.800302,0.514243  ,7.769497  ,0.000000  ,0.000000  ,-0.004540 ,89.420000 ,-0.013899 ,-0.784054 
31.000000 ,-26.488892,0.502804  ,7.810309  ,0.000000  ,0.000000  ,-0.005680 ,89.510000 ,-0.011718 ,-0.635165 
31.040000 ,-26.176053,0.489902  ,7.843896  ,0.000000  ,0.000000  ,-0.009353 ,89.610000 ,-0.009695 ,-0.732449 
31.080000 ,-25.862063,0.475408  ,7.871535  ,0.000000  ,0.000000  ,-0.005861 ,89.810000 ,0.000959  ,-0.937013 
31.120000 ,-25.547149,0.459214  ,7.894281  ,0.000000  ,0.000000  ,0.007183  ,89.900000 ,0.021137  ,-1.081741 
31.160000 ,-25.231457,0.442068  ,7.913000  ,0.000000  ,0.000000  ,-0.004824 ,90.000000 ,0.011395  ,-0.814926 
31.200000 ,-24.915109,0.424459  ,7.928404  ,0.000000  ,0.000000  ,-0.003662 ,90.190000 ,0.010545  ,-0.277121 
31.240000 ,-24.598188,0.407085  ,7.941081  ,0.000000  ,0.000000  ,0.009977  ,90.290000 ,0.021423  ,0.302525  
31.280000 ,-24.280753,0.390692  ,7.951513  ,0.000000  ,0.000000  ,0.007354  ,90.390000 ,0.015767  ,0.807681  
31.320000 ,-23.962859,0.375932  ,7.960098  ,0.000000  ,0.000000  ,-0.004471 ,90.490000 ,0.000866  ,1.201663  
31.360000 ,-23.644560,0.363311  ,7.967163  ,0.000000  ,0.000000  ,0.010567  ,90.680000 ,0.013105  ,1.487209  
31.400000 ,-23.325915,0.353199  ,7.972977  ,0.000000  ,0.000000  ,-0.003450 ,90.780000 ,-0.004560 ,1.683017  
31.440000 ,-23.006986,0.345691  ,7.977762  ,0.000000  ,0.000000  ,-0.004515 ,90.870000 ,-0.007057 ,1.732690  
31.480000 ,-22.687847,0.339912  ,7.981699  ,0.000000  ,0.000000  ,0.001342  ,90.970000 ,-0.031519 ,1.335661  
31.520000 ,-22.368547,0.335215  ,7.984939  ,0.000000  ,0.000000  ,0.007504  ,91.170000 ,0.008801  ,0.662975  
31.560000 ,-22.049124,0.330897  ,7.987606  ,0.000000  ,0.000000  ,-0.004075 ,91.260000 ,-0.002899 ,0.039666  
31.600000 ,-21.729599,0.326947  ,7.989801  ,0.000000  ,0.000000  ,-0.001050 ,91.360000 ,0.002094  ,-0.167015 
31.640000 ,-21.410001,0.322456  ,7.991606  ,0.000000  ,0.000000  ,0.002623  ,91.550000 ,0.006573  ,-0.316268 
31.680000 ,-21.090337,0.318042  ,7.993093  ,0.000000  ,0.000000  ,0.000735  ,91.650000 ,0.002354  ,-0.169415 
31.720000 ,-20.770613,0.314030  ,7.994316  ,0.000000  ,0.000000  ,-0.009469 ,91.750000 ,-0.008271 ,0.214829  
31.760000 ,-20.450836,0.310756  ,7.995322  ,0.000000  ,0.000000  ,-0.006587 ,91.840000 ,-0.019346 ,0.578472  
31.800000 ,-20.131021,0.307740  ,7.996150  ,0.000000  ,0.000000  ,-0.009758 ,92.040000 ,-0.010616 ,0.498633  
31.840000 ,-19.811175,0.304742  ,7.996832  ,0.000000  ,0.000000  ,-0.015610 ,92.140000 ,-0.014659 ,0.093403  
31.880000 ,-19.491309,0.301240  ,7.997393  ,0.000000  ,0.000000  ,-0.006402 ,92.230000 ,-0.008935 ,-0.405654 
31.920000 ,-19.171438,0.296597  ,7.997855  ,0.000000  ,0.000000  ,0.005272  ,92.430000 ,0.011859  ,-0.870008 
31.960000 ,-18.851577,0.290376  ,7.998234  ,0.000000  ,0.000000  ,0.018807  ,92.520000 ,0.028027  ,-1.169736 
32.000000 ,-18.531723,0.283143  ,7.998547  ,0.000000  ,0.000000  ,-0.002146 ,92.620000 ,0.007020  ,-0.972535 
32.040000 ,-18.211872,0.275288  ,7.998804  ,0.000000  ,0.000000  ,0.005854  ,92.720000 ,0.000853  ,-0.444181 
32.080000 ,-17.892011,0.267488  ,7.999016  ,0.000000  ,0.000000  ,0.009735  ,92.910000 ,0.014278  ,0.162017  
32.120000 ,-17.572122,0.260520  ,7.999190  ,0.000000  ,0.000000  ,0.011931  ,93.010000 ,0.013366  ,0.710400  
32.160000 ,-17.252199,0.255084  ,7.999334  ,0.000000  ,0.000000  ,0.000422  ,93.110000 ,-0.012825 ,1.150493  
32.200000 ,-16.932242,0.251581  ,7.999452  ,0.000000  ,0.000000  ,-0.005069 ,93.200000 ,-0.022552 ,1.397519  
32.240000 ,-16.612270,0.249382  ,7.999549  ,0.000000  ,0.000000  ,-0.013246 ,93.400000 ,-0.017550 ,1.143012  
32.280000 ,-16.292289,0.248022  ,7.999629  ,0.000000  ,0.000000  ,-0.010812 ,93.500000 ,-0.013187 ,0.563877  
32.320000 ,-15.972305,0.246758  ,7.999694  ,0.000000  ,0.000000  ,-0.007150 ,93.590000 ,-0.006696 ,-0.082666 
32.360000 ,-15.652323,0.244764  ,7.999748  ,0.000000  ,0.000000  ,-0.000465 ,93.790000 ,0.003177  ,-0.660793 
32.400000 ,-15.332349,0.241460  ,7.999793  ,0.000000  ,0.000000  ,-0.005730 ,93.880000 ,0.000688  ,-1.042376 
32.440000 ,-15.012384,0.237305  ,7.999830  ,0.000000  ,0.000000  ,-0.016018 ,94.080000 ,-0.009552 ,-0.900483 
32.480000 ,-14.692427,0.232461  ,7.999860  ,0.000000  ,0.000000  ,0.006715  ,94.170000 ,0.011954  ,-0.486440 
32.520000 ,-14.372484,0.226673  ,7.999885  ,0.000000  ,0.000000  ,0.004169  ,94.270000 ,0.009537  ,-0.303607 
32.560000 ,-14.052539,0.220983  ,7.999905  ,0.000000  ,0.000000  ,-0.000195 ,94.370000 ,0.001324  ,-0.013672 
32.600000 ,-13.732583,0.215898  ,7.999922  ,0.000000  ,0.000000  ,0.002157  ,94.560000 ,0.010942  ,0.410000  
32.640000 ,-13.412610,0.211960  ,7.999936  ,0.000000  ,0.000000  ,0.011535  ,94.660000 ,0.017125  ,0.841246  
32.680000 ,-13.092621,0.209719  ,7.999947  ,0.000000  ,0.000000  ,0.006689  ,94.760000 ,-0.000347 ,1.210543  
32.720000 ,-12.772624,0.209489  ,7.999956  ,0.000000  ,0.000000  ,-0.001975 ,94.950000 ,-0.008570 ,1.417732  
32.760000 ,-12.452627,0.210588  ,7.999964  ,0.000000  ,0.000000  ,-0.000738 ,95.050000 ,-0.007524 ,1.142866  
32.800000 ,-12.132634,0.212526  ,7.999971  ,0.000000  ,0.000000  ,0.005102  ,95.150000 ,0.000250  ,0.554896  
32.840000 ,-11.812643,0.214707  ,7.999976  ,0.000000  ,0.000000  ,0.001339  ,95.240000 ,-0.001094 ,0.014999  
32.880000 ,-11.492653,0.217189  ,7.999980  ,0.000000  ,0.000000  ,-0.002009 ,95.440000 ,-0.003915 ,0.190039  
32.920000 ,-11.172659,0.218943  ,7.999984  ,0.000000  ,0.000000  ,0.006331  ,95.530000 ,0.005959  ,-0.401870 
32.960000 ,-10.852661,0.219720  ,7.999986  ,0.000000  ,0.000000  ,0.006012  ,95.630000 ,0.007527  ,-0.649385 
33.000000 ,-10.532661,0.220151  ,7.999989  ,0.000000  ,0.000000  ,-0.004130 ,95.730000 ,-0.002922 ,-0.508411 
33.040000 ,-10.212662,0.220393  ,7.999991  ,0.000000  ,0.000000  ,0.000356  ,95.920000 ,0.000119  ,-0.154111 
33.080000 ,-9.892663 ,0.220116  ,7.999992  ,0.000000  ,0.000000  ,0.001216  ,96.020000 ,0.000922  ,-0.047682 
33.120000 ,-9.572663 ,0.220263  ,7.999994  ,0.000000  ,0.000000  ,-0.006435 ,96.120000 ,-0.008054 ,0.170145  
33.160000 ,-9.252664 ,0.221090  ,7.999995  ,0.000000  ,0.000000  ,-0.007761 ,96.310000 ,-0.011160 ,0.455345  
33.200000 ,-8.932666 ,0.222017  ,7.999996  ,0.000000  ,0.000000  ,-0.004571 ,96.410000 ,-0.007632 ,0.360201  
33.240000 ,-8.612667 ,0.222784  ,7.999997  ,0.000000  ,0.000000  ,0.006433  ,96.500000 ,0.005254  ,0.030807  
33.280000 ,-8.292667 ,0.223048  ,7.999997  ,0.000000  ,0.000000  ,0.003208  ,96.600000 ,0.004206  ,-0.426015 
33.320000 ,-7.972667 ,0.223249  ,7.999998  ,0.000000  ,0.000000  ,0.000059  ,96.800000 ,0.000916  ,-0.383375 
33.360000 ,-7.652668 ,0.223579  ,7.999998  ,0.000000  ,0.000000  ,-0.000522 ,96.890000 ,-0.001437 ,0.011801  
33.400000 ,-7.332669 ,0.224358  ,7.999998  ,0.000000  ,0.000000  ,-0.012093 ,96.990000 ,-0.015135 ,0.381364  
33.440000 ,-7.012670 ,0.225143  ,7.999999  ,0.000000  ,0.000000  ,0.000562  ,97.180000 ,-0.002330 ,0.344587  
33.480000 ,-6.692670 ,0.225749  ,7.999999  ,0.000000  ,0.000000  ,-0.000312 ,97.280000 ,-0.001335 ,0.018555  
33.520000 ,-6.372670 ,0.225709  ,7.999999  ,0.000000  ,0.000000  ,0.002797  ,97.480000 ,0.004356  ,-0.482602 
33.560000 ,-6.052673 ,0.224587  ,7.999999  ,0.000000  ,0.000000  ,0.016584  ,97.570000 ,0.020860  ,-0.841358 
33.600000 ,-5.732677 ,0.222872  ,7.999999  ,0.000000  ,0.000000  ,-0.000573 ,97.670000 ,0.001071  ,-0.719941 
33.640000 ,-5.412684 ,0.220858  ,8.000000  ,0.000000  ,0.000000  ,-0.006947 ,97.770000 ,0.002373  ,-0.263018 
33.680000 ,-5.092688 ,0.219130  ,8.000000  ,0.000000  ,0.000000  ,-0.007650 ,97.960000 ,-0.001444 ,0.284611  
33.720000 ,-4.772690 ,0.218231  ,8.000000  ,0.000000  ,0.000000  ,0.005262  ,98.060000 ,-0.000205 ,0.709847  
33.760000 ,-4.452690 ,0.217759  ,8.000000  ,0.000000  ,0.000000  ,0.003743  ,98.160000 ,0.000800  ,0.637378  
33.800000 ,-4.132690 ,0.217640  ,8.000000  ,0.000000  ,0.000000  ,-0.009581 ,98.250000 ,-0.011415 ,0.293494  
33.840000 ,-3.812691 ,0.218219  ,8.000000  ,0.000000  ,0.000000  ,0.009475  ,98.450000 ,0.007595  ,0.170525  
33.880000 ,-3.492691 ,0.218688  ,8.000000  ,0.000000  ,0.000000  ,-0.013572 ,98.540000 ,-0.014585 ,0.006042  
33.920000 ,-3.172692 ,0.219490  ,8.000000  ,0.000000  ,0.000000  ,0.013202  ,98.740000 ,0.011862  ,0.018210  
33.960000 ,-2.852693 ,0.219989  ,8.000000  ,0.000000  ,0.000000  ,-0.008763 ,98.830000 ,-0.009489 ,0.064179  
34.000000 ,-2.532693 ,0.220732  ,8.000000  ,0.000000  ,0.000000  ,0.016726  ,98.930000 ,0.015536  ,0.005516  
34.040000 ,-2.212694 ,0.221142  ,8.000000  ,0.000000  ,0.000000  ,0.003992  ,99.130000 ,0.003374  ,0.063999  
34.080000 ,-1.892695 ,0.221955  ,8.000000  ,0.000000  ,0.000000  ,0.011450  ,99.220000 ,0.009836  ,0.084241  
34.120000 ,-1.572699 ,0.223495  ,8.000000  ,0.000000  ,0.000000  ,-0.000030 ,99.320000 ,-0.003788 ,0.431196  
34.160000 ,-1.252709 ,0.226050  ,8.000000  ,0.000000  ,0.000000  ,-0.008460 ,99.510000 ,-0.014459 ,0.746570  
34.200000 ,-0.932723 ,0.229077  ,8.000000  ,0.000000  ,0.000000  ,-0.000767 ,99.610000 ,-0.006545 ,0.620541  
34.240000 ,-0.612739 ,0.232277  ,8.000000  ,0.000000  ,0.000000  ,-0.000717 ,99.710000 ,-0.004656 ,0.176645  
34.280000 ,-0.292752 ,0.235080  ,8.000000  ,0.000000  ,0.000000  ,0.000391  ,100.000000,-0.000863 ,0.352223  
