# laptime, ego_x_pos, ego_y_pos, actual speed, expected speed, tracking error, nosie, completion, steering, slip_angle
0.000000  ,0.186748  ,0.177792  ,0.000000  ,0.000000  ,0.000000  ,-0.006030 ,0.120000  ,-0.004315 ,-19.579550
0.040000  ,0.193685  ,0.177519  ,0.361380  ,0.000000  ,0.000000  ,0.004966  ,0.120000  ,0.006764  ,-0.008609 
0.080000  ,0.215730  ,0.176638  ,0.741780  ,0.000000  ,0.000000  ,-0.000625 ,0.120000  ,0.001295  ,0.007410  
0.120000  ,0.252989  ,0.175390  ,1.122180  ,0.000000  ,0.000000  ,0.041521  ,0.120000  ,0.043094  ,-0.286367 
0.160000  ,0.305459  ,0.173777  ,1.502580  ,0.000000  ,0.000000  ,-0.002907 ,0.240000  ,-0.001965 ,-0.314493 
0.200000  ,0.373155  ,0.172338  ,1.882980  ,0.000000  ,0.000000  ,0.047806  ,0.240000  ,0.047077  ,-0.513049 
0.240000  ,0.456061  ,0.170498  ,2.263380  ,0.000000  ,0.000000  ,0.046872  ,0.240000  ,0.045263  ,-0.292445 
0.280000  ,0.554192  ,0.168960  ,2.643780  ,0.000000  ,0.000000  ,0.036606  ,0.370000  ,0.041977  ,-0.245019 
0.320000  ,0.667549  ,0.168228  ,3.024180  ,0.000000  ,0.000000  ,-0.001676 ,0.370000  ,0.002555  ,-0.195725 
0.360000  ,0.796123  ,0.168539  ,3.404580  ,0.000000  ,0.000000  ,0.028963  ,0.490000  ,0.022100  ,0.065211  
0.400000  ,0.939910  ,0.169620  ,3.784980  ,0.000000  ,0.000000  ,-0.002728 ,0.610000  ,-0.018292 ,0.061860  
0.440000  ,1.098908  ,0.171316  ,4.165380  ,0.000000  ,0.000000  ,0.052877  ,0.610000  ,0.039422  ,0.106716  
0.480000  ,1.273122  ,0.173173  ,4.545780  ,0.000000  ,0.000000  ,0.007783  ,0.730000  ,-0.009150 ,0.080172  
0.520000  ,1.462537  ,0.176155  ,4.926180  ,0.000000  ,0.000000  ,0.010086  ,0.860000  ,-0.009113 ,0.181114  
0.560000  ,1.667158  ,0.179901  ,5.306580  ,0.000000  ,0.000000  ,0.086478  ,0.980000  ,0.069522  ,0.198055  
0.600000  ,1.886992  ,0.183915  ,5.686980  ,0.000000  ,0.000000  ,0.028820  ,1.100000  ,0.009555  ,0.091820  
0.640000  ,2.122013  ,0.189481  ,6.067380  ,0.000000  ,0.000000  ,-0.063475 ,1.220000  ,-0.089214 ,0.305179  
0.680000  ,2.371662  ,0.196479  ,6.409568  ,0.000000  ,0.000000  ,-0.076988 ,1.350000  ,-0.111381 ,0.464908  
0.720000  ,2.633767  ,0.202976  ,6.691168  ,0.000000  ,0.000000  ,0.024780  ,1.470000  ,-0.005751 ,0.085591  
0.760000  ,2.906165  ,0.206414  ,6.922908  ,0.000000  ,0.000000  ,0.036738  ,1.710000  ,0.021990  ,-1.352349 
0.800000  ,3.187010  ,0.206173  ,7.113617  ,0.000000  ,0.000000  ,0.019002  ,1.840000  ,0.011630  ,-2.206025 
0.840000  ,3.474775  ,0.203365  ,7.270559  ,0.000000  ,0.000000  ,0.022567  ,1.960000  ,0.005702  ,-1.922985 
0.880000  ,3.768220  ,0.198602  ,7.399713  ,0.000000  ,0.000000  ,0.006660  ,2.080000  ,-0.015203 ,-1.066771 
0.920000  ,4.066344  ,0.192869  ,7.505999  ,0.000000  ,0.000000  ,-0.061832 ,2.330000  ,-0.081341 ,-0.270959 
0.960000  ,4.368315  ,0.186296  ,7.593466  ,0.000000  ,0.000000  ,0.067992  ,2.450000  ,0.037925  ,-0.022050 
1.000000  ,4.673416  ,0.177750  ,7.665447  ,0.000000  ,0.000000  ,-0.045632 ,2.570000  ,-0.069819 ,-0.663470 
1.040000  ,4.981106  ,0.168158  ,7.724682  ,0.000000  ,0.000000  ,0.091760  ,2.690000  ,0.064645  ,-0.959981 
1.080000  ,5.290903  ,0.157196  ,7.773430  ,0.000000  ,0.000000  ,0.121412  ,2.940000  ,0.090635  ,-0.971838 
1.120000  ,5.602434  ,0.145169  ,7.813546  ,0.000000  ,0.000000  ,0.050311  ,3.060000  ,0.011916  ,-0.641847 
1.160000  ,5.915489  ,0.134947  ,7.846559  ,0.000000  ,0.000000  ,0.088378  ,3.180000  ,0.042528  ,0.653855  
1.200000  ,6.229800  ,0.126615  ,7.873727  ,0.000000  ,0.000000  ,0.028386  ,3.430000  ,-0.021236 ,1.759529  
1.240000  ,6.545174  ,0.122037  ,7.896085  ,0.000000  ,0.000000  ,0.015930  ,3.550000  ,-0.033692 ,2.619885  
1.280000  ,6.861394  ,0.121063  ,7.914484  ,0.000000  ,0.000000  ,0.044544  ,3.670000  ,-0.005078 ,2.763382  
1.320000  ,7.178283  ,0.122108  ,7.929626  ,0.000000  ,0.000000  ,-0.020656 ,3.920000  ,-0.070278 ,1.798224  
1.360000  ,7.495716  ,0.124499  ,7.942086  ,0.000000  ,0.000000  ,0.012594  ,4.040000  ,-0.037028 ,0.570327  
1.400000  ,7.813608  ,0.125572  ,7.952340  ,0.000000  ,0.000000  ,0.061606  ,4.280000  ,0.011983  ,-0.952325 
1.440000  ,8.131867  ,0.123446  ,7.960779  ,0.000000  ,0.000000  ,0.007024  ,4.410000  ,-0.042598 ,-2.424176 
1.480000  ,8.450388  ,0.117741  ,7.967723  ,0.000000  ,0.000000  ,0.001444  ,4.650000  ,-0.048179 ,-3.050920 
1.520000  ,8.769019  ,0.106701  ,7.973438  ,0.000000  ,0.000000  ,-0.024766 ,4.770000  ,-0.074389 ,-3.458394 
1.560000  ,9.087567  ,0.089217  ,7.978141  ,0.000000  ,0.000000  ,0.003747  ,4.900000  ,-0.045875 ,-4.047488 
1.600000  ,9.405746  ,0.063758  ,7.982011  ,0.000000  ,0.000000  ,-0.023197 ,5.140000  ,-0.072820 ,-4.970338 
1.640000  ,9.723271  ,0.029805  ,7.985196  ,0.000000  ,0.000000  ,0.037516  ,5.260000  ,-0.012106 ,-5.745043 
1.680000  ,10.039672 ,-0.014215 ,7.987818  ,0.000000  ,0.000000  ,-0.003393 ,5.510000  ,-0.053015 ,-6.494940 
1.720000  ,10.354739 ,-0.067528 ,7.989975  ,0.000000  ,0.000000  ,-0.020813 ,5.630000  ,-0.070435 ,-6.524719 
1.760000  ,10.668045 ,-0.130745 ,7.991750  ,0.000000  ,0.000000  ,0.001056  ,5.750000  ,-0.047764 ,-6.346798 
1.800000  ,10.979073 ,-0.204640 ,7.993210  ,0.000000  ,0.000000  ,0.039808  ,6.000000  ,-0.008465 ,-6.569017 
1.840000  ,11.287593 ,-0.288597 ,7.994413  ,0.000000  ,0.000000  ,-0.046853 ,6.240000  ,-0.078471 ,-6.715187 
1.880000  ,11.593518 ,-0.381725 ,7.995402  ,0.000000  ,0.000000  ,0.026121  ,6.360000  ,0.028223  ,-6.326358 
1.920000  ,11.896380 ,-0.484483 ,7.996216  ,0.000000  ,0.000000  ,-0.054262 ,6.490000  ,-0.036044 ,-6.093148 
1.960000  ,12.196479 ,-0.595150 ,7.996886  ,0.000000  ,0.000000  ,-0.033984 ,6.730000  ,-0.030827 ,-5.494060 
2.000000  ,12.493584 ,-0.713686 ,7.997437  ,0.000000  ,0.000000  ,-0.018458 ,6.850000  ,-0.023682 ,-5.016275 
2.040000  ,12.787916 ,-0.839005 ,7.997891  ,0.000000  ,0.000000  ,-0.056938 ,7.100000  ,-0.088440 ,-4.546105 
2.080000  ,13.079678 ,-0.970241 ,7.998265  ,0.000000  ,0.000000  ,0.044971  ,7.220000  ,0.018689  ,-4.003366 
2.120000  ,13.368450 ,-1.107956 ,7.998572  ,0.000000  ,0.000000  ,0.098313  ,7.470000  ,0.060848  ,-4.028777 
2.160000  ,13.654813 ,-1.250651 ,7.998825  ,0.000000  ,0.000000  ,-0.051601 ,7.590000  ,-0.108725 ,-3.751226 
2.200000  ,13.933811 ,-1.392914 ,7.693405  ,0.000000  ,0.000000  ,-0.013379 ,7.830000  ,-0.063002 ,-2.897399 
2.240000  ,14.207322 ,-1.536377 ,7.747690  ,0.000000  ,0.000000  ,-0.008476 ,7.960000  ,-0.058099 ,-2.144630 
2.280000  ,14.480468 ,-1.684713 ,7.792364  ,0.000000  ,0.000000  ,-0.067777 ,8.080000  ,-0.240953 ,-2.066132 
2.320000  ,14.745376 ,-1.834010 ,7.411964  ,0.000000  ,0.000000  ,-0.066451 ,8.320000  ,-0.116074 ,-3.296839 
2.360000  ,15.000880 ,-1.988548 ,7.516081  ,0.000000  ,0.000000  ,-0.045866 ,8.450000  ,-0.261145 ,-5.661611 
2.400000  ,15.245026 ,-2.150554 ,7.135681  ,0.000000  ,0.000000  ,-0.036079 ,8.570000  ,-0.206134 ,-9.694896 
2.440000  ,15.465241 ,-2.319775 ,6.755281  ,0.000000  ,0.000000  ,0.024257  ,8.810000  ,-0.056880 ,-17.814292
2.480000  ,15.655647 ,-2.502006 ,6.468772  ,0.000000  ,0.000000  ,0.013304  ,8.940000  ,-0.028063 ,-28.262052
2.520000  ,15.816385 ,-2.711507 ,6.739889  ,0.000000  ,0.000000  ,0.021791  ,9.060000  ,0.000152  ,-27.700638
2.560000  ,15.953123 ,-2.949027 ,6.963003  ,0.000000  ,0.000000  ,0.048062  ,9.180000  ,0.033575  ,-18.197603
2.600000  ,16.074550 ,-3.203846 ,7.146613  ,0.000000  ,0.000000  ,0.006210  ,9.300000  ,-0.036981 ,-8.842620 
2.640000  ,16.190503 ,-3.468538 ,7.297712  ,0.000000  ,0.000000  ,-0.005596 ,9.550000  ,-0.115168 ,-2.173489 
2.680000  ,16.301314 ,-3.730351 ,6.917312  ,0.000000  ,0.000000  ,0.012380  ,9.670000  ,-0.159301 ,0.896529  
2.720000  ,16.402113 ,-3.979839 ,6.536912  ,0.000000  ,0.000000  ,0.019855  ,9.790000  ,-0.165851 ,0.178183  
2.760000  ,16.491626 ,-4.217392 ,6.156512  ,0.000000  ,0.000000  ,0.122036  ,9.910000  ,-0.025721 ,-3.500869 
2.800000  ,16.565806 ,-4.444189 ,5.776112  ,0.000000  ,0.000000  ,0.077457  ,10.160000 ,0.022852  ,-9.301945 
2.840000  ,16.623980 ,-4.674702 ,6.103590  ,0.000000  ,0.000000  ,-0.031219 ,10.160000 ,-0.037482 ,-10.844791
2.880000  ,16.671017 ,-4.921298 ,6.439366  ,0.000000  ,0.000000  ,-0.025445 ,10.280000 ,-0.057249 ,-7.231216 
2.920000  ,16.710750 ,-5.181543 ,6.715691  ,0.000000  ,0.000000  ,0.044464  ,10.530000 ,0.034081  ,-3.606865 
2.960000  ,16.746472 ,-5.452510 ,6.943089  ,0.000000  ,0.000000  ,-0.072839 ,10.650000 ,-0.089335 ,-1.579939 
3.000000  ,16.781489 ,-5.731904 ,7.130225  ,0.000000  ,0.000000  ,0.030121  ,10.770000 ,0.000993  ,-0.383953 
3.040000  ,16.816916 ,-6.018103 ,7.284226  ,0.000000  ,0.000000  ,0.017210  ,10.890000 ,-0.019869 ,0.128511  
3.080000  ,16.852875 ,-6.309876 ,7.410960  ,0.000000  ,0.000000  ,0.082673  ,11.140000 ,0.053236  ,0.176822  
3.120000  ,16.889353 ,-6.606227 ,7.515255  ,0.000000  ,0.000000  ,0.027755  ,11.260000 ,-0.010864 ,0.036234  
3.160000  ,16.927605 ,-6.906176 ,7.601083  ,0.000000  ,0.000000  ,0.068065  ,11.380000 ,0.036521  ,0.421035  
3.200000  ,16.967242 ,-7.209093 ,7.671715  ,0.000000  ,0.000000  ,-0.019085 ,11.630000 ,-0.061705 ,0.766459  
3.240000  ,17.009513 ,-7.514244 ,7.729841  ,0.000000  ,0.000000  ,-0.011730 ,11.750000 ,-0.039303 ,1.297896  
3.280000  ,17.053680 ,-7.821263 ,7.777675  ,0.000000  ,0.000000  ,0.027901  ,11.870000 ,-0.013122 ,1.322133  
3.320000  ,17.098040 ,-8.130011 ,7.817040  ,0.000000  ,0.000000  ,0.017934  ,12.120000 ,-0.010547 ,0.412309  
3.360000  ,17.142211 ,-8.440231 ,7.849434  ,0.000000  ,0.000000  ,-0.024219 ,12.240000 ,-0.037190 ,-0.562151 
3.400000  ,17.185188 ,-8.751807 ,7.876093  ,0.000000  ,0.000000  ,0.042241  ,12.480000 ,0.027369  ,-1.216932 
3.440000  ,17.225247 ,-9.064748 ,7.898032  ,0.000000  ,0.000000  ,0.057944  ,12.610000 ,0.057468  ,-1.936223 
3.480000  ,17.262690 ,-9.378817 ,7.916086  ,0.000000  ,0.000000  ,0.041840  ,12.850000 ,0.044792  ,-2.135397 
3.520000  ,17.299026 ,-9.693676 ,7.930944  ,0.000000  ,0.000000  ,-0.028684 ,12.970000 ,-0.025870 ,-1.285164 
3.560000  ,17.335615 ,-10.009051,7.943171  ,0.000000  ,0.000000  ,-0.048720 ,13.220000 ,-0.059838 ,0.152705  
3.600000  ,17.372718 ,-10.324812,7.953233  ,0.000000  ,0.000000  ,-0.104522 ,13.340000 ,-0.112484 ,1.001173  
3.640000  ,17.409423 ,-10.640989,7.961514  ,0.000000  ,0.000000  ,-0.006454 ,13.590000 ,-0.021135 ,0.528739  
3.680000  ,17.442983 ,-10.957815,7.968328  ,0.000000  ,0.000000  ,0.049000  ,13.710000 ,0.059104  ,-1.456742 
3.720000  ,17.472480 ,-11.275295,7.973936  ,0.000000  ,0.000000  ,0.019134  ,13.950000 ,0.041732  ,-3.283575 
3.760000  ,17.499187 ,-11.593226,7.978551  ,0.000000  ,0.000000  ,0.073732  ,14.080000 ,0.101584  ,-3.227977 
3.800000  ,17.523838 ,-11.911493,7.982348  ,0.000000  ,0.000000  ,0.022824  ,14.320000 ,0.045977  ,-1.739097 
3.840000  ,17.550170 ,-12.229763,7.985474  ,0.000000  ,0.000000  ,-0.002834 ,14.440000 ,0.009251  ,0.916362  
3.880000  ,17.580427 ,-12.547796,7.988046  ,0.000000  ,0.000000  ,0.030618  ,14.570000 ,0.000081  ,3.368823  
3.920000  ,17.615840 ,-12.865389,7.990162  ,0.000000  ,0.000000  ,0.004003  ,14.810000 ,-0.010972 ,4.513362  
3.960000  ,17.656987 ,-13.182367,7.991904  ,0.000000  ,0.000000  ,0.039027  ,14.930000 ,-0.003163 ,4.391311  
4.000000  ,17.703155 ,-13.498719,7.993338  ,0.000000  ,0.000000  ,0.012711  ,15.180000 ,-0.002728 ,3.445046  
4.040000  ,17.753062 ,-13.814557,7.994517  ,0.000000  ,0.000000  ,-0.049057 ,15.300000 ,-0.083708 ,2.205706  
4.080000  ,17.805110 ,-14.130094,7.995488  ,0.000000  ,0.000000  ,0.036379  ,15.540000 ,0.019513  ,1.007046  
4.120000  ,17.856425 ,-14.445786,7.996287  ,0.000000  ,0.000000  ,0.030904  ,15.670000 ,0.014302  ,-0.538319 
4.160000  ,17.906646 ,-14.761684,7.996944  ,0.000000  ,0.000000  ,0.028259  ,15.790000 ,0.039801  ,-1.467141 
4.200000  ,17.955645 ,-15.077798,7.997485  ,0.000000  ,0.000000  ,0.041357  ,16.030000 ,0.033169  ,-1.430666 
4.240000  ,18.004388 ,-15.393971,7.997931  ,0.000000  ,0.000000  ,-0.086271 ,16.160000 ,-0.089710 ,-0.510625 
4.280000  ,18.054317 ,-15.709975,7.998297  ,0.000000  ,0.000000  ,-0.060163 ,16.280000 ,-0.078585 ,0.846974  
4.320000  ,18.105105 ,-16.025856,7.998599  ,0.000000  ,0.000000  ,-0.049922 ,16.520000 ,-0.068899 ,1.341527  
4.360000  ,18.154681 ,-16.341941,7.998847  ,0.000000  ,0.000000  ,0.039264  ,16.650000 ,0.028699  ,0.160335  
4.400000  ,18.201561 ,-16.658444,7.999051  ,0.000000  ,0.000000  ,0.013973  ,16.890000 ,0.018486  ,-1.810380 
4.440000  ,18.245727 ,-16.975346,7.999219  ,0.000000  ,0.000000  ,-0.022851 ,17.140000 ,0.014250  ,-2.822452 
4.480000  ,18.286922 ,-17.292653,7.999357  ,0.000000  ,0.000000  ,0.010646  ,17.260000 ,0.042523  ,-2.631606 
4.520000  ,18.325424 ,-17.610305,7.999471  ,0.000000  ,0.000000  ,-0.008230 ,17.500000 ,0.038960  ,-1.827598 
4.560000  ,18.363169 ,-17.928051,7.999565  ,0.000000  ,0.000000  ,-0.010018 ,17.750000 ,0.016484  ,-0.512183 
4.600000  ,18.402106 ,-18.245657,7.999642  ,0.000000  ,0.000000  ,-0.002307 ,17.870000 ,0.023288  ,1.018782  
4.640000  ,18.443264 ,-18.562985,7.999705  ,0.000000  ,0.000000  ,0.014406  ,18.120000 ,0.034348  ,2.077133  
4.680000  ,18.487703 ,-18.879871,7.999757  ,0.000000  ,0.000000  ,-0.040623 ,18.240000 ,-0.014062 ,2.577541  
4.720000  ,18.536927 ,-19.196050,7.999800  ,0.000000  ,0.000000  ,0.025051  ,18.480000 ,0.026471  ,3.079523  
4.760000  ,18.590470 ,-19.511529,7.999836  ,0.000000  ,0.000000  ,-0.010433 ,18.600000 ,-0.002992 ,3.149779  
4.800000  ,18.648299 ,-19.826253,7.999865  ,0.000000  ,0.000000  ,-0.096942 ,18.850000 ,-0.083161 ,2.864792  
4.840000  ,18.709221 ,-20.140394,7.999889  ,0.000000  ,0.000000  ,0.041699  ,18.970000 ,0.056271  ,2.128608  
4.880000  ,18.770817 ,-20.454406,7.999908  ,0.000000  ,0.000000  ,0.066467  ,19.220000 ,0.069346  ,0.628127  
4.920000  ,18.833280 ,-20.768246,7.999925  ,0.000000  ,0.000000  ,-0.015932 ,19.340000 ,-0.010655 ,-0.220476 
4.960000  ,18.898168 ,-21.081595,7.999938  ,0.000000  ,0.000000  ,-0.097149 ,19.580000 ,-0.089125 ,0.530119  
5.000000  ,18.964102 ,-21.394726,7.999949  ,0.000000  ,0.000000  ,0.034274  ,19.710000 ,0.046528  ,1.173940  
5.040000  ,19.029528 ,-21.707964,7.999958  ,0.000000  ,0.000000  ,-0.004287 ,19.950000 ,0.013799  ,0.510236  
5.080000  ,19.095498 ,-22.021089,7.999965  ,0.000000  ,0.000000  ,-0.033789 ,20.200000 ,-0.017048 ,-0.048075 
5.120000  ,19.162126 ,-22.334074,7.999972  ,0.000000  ,0.000000  ,-0.008489 ,20.320000 ,0.002265  ,-0.021101 
5.160000  ,19.228410 ,-22.647133,7.999977  ,0.000000  ,0.000000  ,-0.026422 ,20.560000 ,-0.009825 ,-0.049686 
5.200000  ,19.294951 ,-22.960137,7.999981  ,0.000000  ,0.000000  ,0.037581  ,20.690000 ,0.046628  ,0.030292  
5.240000  ,19.361237 ,-23.273196,7.999984  ,0.000000  ,0.000000  ,0.029736  ,20.930000 ,0.048063  ,-0.010297 
5.280000  ,19.428909 ,-23.585957,7.999987  ,0.000000  ,0.000000  ,-0.000936 ,21.050000 ,0.019885  ,0.516983  
5.320000  ,19.499031 ,-23.898178,7.999989  ,0.000000  ,0.000000  ,-0.061055 ,21.180000 ,-0.049114 ,1.534707  
5.360000  ,19.571792 ,-24.209795,7.999991  ,0.000000  ,0.000000  ,-0.032470 ,21.420000 ,-0.042165 ,2.197727  
5.400000  ,19.645901 ,-24.521095,7.999993  ,0.000000  ,0.000000  ,0.041851  ,21.540000 ,0.032454  ,1.654917  
5.440000  ,19.720270 ,-24.832333,7.999994  ,0.000000  ,0.000000  ,-0.034379 ,21.790000 ,-0.041427 ,0.301752  
5.480000  ,19.795042 ,-25.143474,7.999995  ,0.000000  ,0.000000  ,0.001935  ,21.910000 ,-0.004247 ,-0.458269 
5.520000  ,19.869174 ,-25.454768,7.999996  ,0.000000  ,0.000000  ,-0.023388 ,22.150000 ,-0.006920 ,-0.785561 
5.560000  ,19.941450 ,-25.766498,7.999997  ,0.000000  ,0.000000  ,0.021710  ,22.400000 ,0.041184  ,-1.167881 
5.600000  ,20.011845 ,-26.078659,7.999997  ,0.000000  ,0.000000  ,0.092719  ,22.520000 ,0.134401  ,-1.401363 
5.640000  ,20.082067 ,-26.390858,7.999998  ,0.000000  ,0.000000  ,0.067517  ,22.770000 ,0.117099  ,-0.667962 
5.680000  ,20.155758 ,-26.702254,7.999998  ,0.000000  ,0.000000  ,-0.000264 ,22.890000 ,0.057565  ,1.667953  
5.720000  ,20.234330 ,-27.005079,7.672602  ,0.000000  ,0.000000  ,0.056169  ,23.130000 ,0.083454  ,5.556888  
5.760000  ,20.321418 ,-27.300593,7.730571  ,0.000000  ,0.000000  ,0.008837  ,23.260000 ,0.027381  ,8.435989  
5.800000  ,20.422027 ,-27.594003,7.778275  ,0.000000  ,0.000000  ,-0.010522 ,23.500000 ,-0.005497 ,9.247375  
5.840000  ,20.535160 ,-27.884685,7.817534  ,0.000000  ,0.000000  ,0.059406  ,23.620000 ,0.095490  ,8.409470  
5.880000  ,20.658490 ,-28.172749,7.849841  ,0.000000  ,0.000000  ,0.044230  ,23.870000 ,0.093852  ,6.505117  
5.920000  ,20.791684 ,-28.457682,7.876428  ,0.000000  ,0.000000  ,-0.039622 ,24.110000 ,0.010000  ,5.318480  
5.960000  ,20.933961 ,-28.739278,7.898308  ,0.000000  ,0.000000  ,0.095387  ,24.240000 ,0.145009  ,5.180781  
6.000000  ,21.083422 ,-29.018033,7.916313  ,0.000000  ,0.000000  ,-0.086979 ,24.360000 ,-0.037356 ,4.939153  
6.040000  ,21.240894 ,-29.293090,7.931131  ,0.000000  ,0.000000  ,-0.052653 ,24.600000 ,0.005842  ,5.138905  
6.080000  ,21.402515 ,-29.557981,7.616151  ,0.000000  ,0.000000  ,0.065336  ,24.720000 ,0.130172  ,6.575791  
6.120000  ,21.564412 ,-29.807419,7.278212  ,0.000000  ,0.000000  ,-0.013483 ,24.970000 ,0.063160  ,8.723504  
6.160000  ,21.729404 ,-30.037938,6.897812  ,0.000000  ,0.000000  ,0.080849  ,25.090000 ,0.130471  ,12.397916 
6.200000  ,21.907002 ,-30.254241,7.092964  ,0.000000  ,0.000000  ,0.009313  ,25.210000 ,0.058936  ,13.455953 
6.240000  ,22.104885 ,-30.462074,7.253563  ,0.000000  ,0.000000  ,0.012021  ,25.460000 ,0.326339  ,11.278038 
6.280000  ,22.311454 ,-30.654776,6.873163  ,0.000000  ,0.000000  ,-0.024400 ,25.580000 ,0.332650  ,11.395413 
6.320000  ,22.519289 ,-30.822753,6.492763  ,0.000000  ,0.000000  ,-0.044243 ,25.700000 ,0.219879  ,16.347372 
6.360000  ,22.732007 ,-30.957665,6.112363  ,0.000000  ,0.000000  ,0.023563  ,25.830000 ,0.103656  ,26.361799 
6.400000  ,22.957738 ,-31.052365,6.144318  ,0.000000  ,0.000000  ,-0.031548 ,25.950000 ,0.001802  ,32.133100 
6.440000  ,23.204171 ,-31.106288,6.472883  ,0.000000  ,0.000000  ,-0.070958 ,26.070000 ,-0.057549 ,25.192632 
6.480000  ,23.467483 ,-31.130297,6.743273  ,0.000000  ,0.000000  ,-0.019341 ,26.190000 ,0.030281  ,13.894683 
6.520000  ,23.741620 ,-31.139924,6.965788  ,0.000000  ,0.000000  ,0.053774  ,26.440000 ,0.150619  ,4.837250  
6.560000  ,24.012619 ,-31.143356,6.585388  ,0.000000  ,0.000000  ,0.004440  ,26.560000 ,0.177248  ,0.193348  
6.600000  ,24.268418 ,-31.142239,6.204988  ,0.000000  ,0.000000  ,-0.004736 ,26.680000 ,0.237230  ,-0.322140 
6.640000  ,24.508848 ,-31.133862,5.824588  ,0.000000  ,0.000000  ,-0.006130 ,26.810000 ,0.228340  ,3.064189  
6.680000  ,24.733249 ,-31.113436,5.444188  ,0.000000  ,0.000000  ,0.061586  ,26.930000 ,0.183742  ,9.677187  
6.720000  ,24.942748 ,-31.074628,5.241301  ,0.000000  ,0.000000  ,0.009411  ,27.170000 ,0.059033  ,16.575010 
6.760000  ,25.149442 ,-31.008164,5.621701  ,0.000000  ,0.000000  ,-0.009461 ,27.170000 ,0.018796  ,15.333607 
6.800000  ,25.362716 ,-30.915767,6.002101  ,0.000000  ,0.000000  ,-0.041224 ,27.290000 ,-0.010831 ,9.278050  
6.840000  ,25.584902 ,-30.807031,6.355847  ,0.000000  ,0.000000  ,0.048157  ,27.420000 ,0.093255  ,3.902586  
6.880000  ,25.816922 ,-30.689183,6.646959  ,0.000000  ,0.000000  ,-0.039195 ,27.540000 ,0.010428  ,0.574105  
6.920000  ,26.057613 ,-30.565052,6.886527  ,0.000000  ,0.000000  ,0.067507  ,27.780000 ,0.112453  ,0.385943  
6.960000  ,26.305909 ,-30.436667,7.083677  ,0.000000  ,0.000000  ,0.034899  ,27.910000 ,0.085642  ,0.220326  
7.000000  ,26.559403 ,-30.303456,7.230165  ,0.000000  ,0.000000  ,-0.022607 ,28.030000 ,0.055497  ,0.768543  
7.040000  ,26.806764 ,-30.168887,6.849765  ,0.000000  ,0.000000  ,-0.055000 ,28.150000 ,0.004954  ,2.829520  
7.080000  ,27.046137 ,-30.032418,6.925365  ,0.000000  ,0.000000  ,0.024451  ,28.270000 ,0.138777  ,4.465553  
7.120000  ,27.277048 ,-29.893651,6.544965  ,0.000000  ,0.000000  ,0.006050  ,28.400000 ,-0.043572 ,5.670197  
7.160000  ,27.501083 ,-29.748239,6.802592  ,0.000000  ,0.000000  ,0.004910  ,28.520000 ,-0.044712 ,5.954307  
7.200000  ,27.727704 ,-29.589883,7.014604  ,0.000000  ,0.000000  ,0.073748  ,28.640000 ,-0.112983 ,4.657481  
7.240000  ,27.949189 ,-29.430322,6.634204  ,0.000000  ,0.000000  ,-0.020598 ,28.760000 ,-0.250405 ,3.123981  
7.280000  ,28.159024 ,-29.280627,6.253804  ,0.000000  ,0.000000  ,0.034043  ,29.010000 ,-0.274104 ,0.608964  
7.320000  ,28.360845 ,-29.146157,5.873404  ,0.000000  ,0.000000  ,-0.023777 ,29.130000 ,-0.273004 ,4.664977  
7.360000  ,28.558228 ,-29.033529,5.493004  ,0.000000  ,0.000000  ,-0.028733 ,29.250000 ,-0.247513 ,13.020713 
7.400000  ,28.752770 ,-28.949399,5.112604  ,0.000000  ,0.000000  ,-0.011461 ,29.380000 ,-0.073785 ,23.030535 
7.440000  ,28.958442 ,-28.899906,5.470003  ,0.000000  ,0.000000  ,-0.012691 ,29.500000 ,-0.001779 ,-22.429364
7.480000  ,29.183862 ,-28.880017,5.850403  ,0.000000  ,0.000000  ,0.039205  ,29.740000 ,-0.010417 ,-13.834503
7.520000  ,29.425382 ,-28.876691,6.222511  ,0.000000  ,0.000000  ,-0.043497 ,29.870000 ,-0.112475 ,-6.160440 
7.560000  ,29.676294 ,-28.880568,6.321711  ,0.000000  ,0.000000  ,-0.020412 ,30.110000 ,-0.127963 ,-1.736586 
7.600000  ,29.921379 ,-28.889615,5.941311  ,0.000000  ,0.000000  ,0.018148  ,30.230000 ,-0.113599 ,-1.077862 
7.640000  ,30.150916 ,-28.904757,5.560911  ,0.000000  ,0.000000  ,0.030722  ,30.350000 ,-0.083883 ,-3.486744 
7.680000  ,30.368215 ,-28.927362,5.386405  ,0.000000  ,0.000000  ,0.013460  ,30.600000 ,-0.080352 ,-6.586682 
7.720000  ,30.582590 ,-28.960899,5.461794  ,0.000000  ,0.000000  ,-0.014849 ,30.600000 ,-0.096159 ,-7.452807 
7.760000  ,30.799048 ,-29.006963,5.600528  ,0.000000  ,0.000000  ,-0.032716 ,30.720000 ,-0.104080 ,-6.514874 
7.800000  ,31.019271 ,-29.065597,5.789538  ,0.000000  ,0.000000  ,-0.061150 ,30.840000 ,-0.143397 ,-5.292867 
7.840000  ,31.241600 ,-29.135619,5.863899  ,0.000000  ,0.000000  ,-0.072141 ,30.970000 ,-0.147370 ,-4.856561 
7.880000  ,31.463959 ,-29.217144,5.975444  ,0.000000  ,0.000000  ,0.036668  ,31.210000 ,-0.022015 ,-5.222248 
7.920000  ,31.688954 ,-29.311641,6.219763  ,0.000000  ,0.000000  ,0.095984  ,31.210000 ,0.050394  ,-5.314773 
7.960000  ,31.920753 ,-29.418585,6.534969  ,0.000000  ,0.000000  ,0.061644  ,31.460000 ,0.020959  ,-4.165310 
8.000000  ,32.161161 ,-29.534153,6.794366  ,0.000000  ,0.000000  ,-0.088379 ,31.580000 ,-0.157979 ,-2.066093 
8.040000  ,32.404795 ,-29.653356,6.770411  ,0.000000  ,0.000000  ,0.000398  ,31.700000 ,-0.100356 ,-0.451651 
8.080000  ,32.639632 ,-29.772217,6.390011  ,0.000000  ,0.000000  ,0.043361  ,31.950000 ,-0.046172 ,-0.928462 
8.120000  ,32.859882 ,-29.890341,6.139358  ,0.000000  ,0.000000  ,0.015587  ,31.950000 ,-0.035444 ,-3.479409 
8.160000  ,33.078371 ,-30.015800,6.449069  ,0.000000  ,0.000000  ,-0.017790 ,32.190000 ,-0.058782 ,-4.603934 
8.200000  ,33.303133 ,-30.153549,6.723675  ,0.000000  ,0.000000  ,0.039405  ,32.310000 ,0.000644  ,-3.830540 
8.240000  ,33.533066 ,-30.301833,6.949660  ,0.000000  ,0.000000  ,0.022220  ,32.440000 ,-0.016799 ,-2.797251 
8.280000  ,33.767787 ,-30.457805,7.135632  ,0.000000  ,0.000000  ,-0.007753 ,32.680000 ,-0.046506 ,-1.761797 
8.320000  ,34.006686 ,-30.619684,7.288676  ,0.000000  ,0.000000  ,0.002016  ,32.680000 ,-0.038032 ,-1.042233 
8.360000  ,34.248689 ,-30.786878,7.414622  ,0.000000  ,0.000000  ,0.015821  ,32.930000 ,-0.032555 ,-1.007421 
8.400000  ,34.492750 ,-30.959120,7.518269  ,0.000000  ,0.000000  ,0.010536  ,33.170000 ,-0.017689 ,-1.475775 
8.440000  ,34.737783 ,-31.136481,7.603563  ,0.000000  ,0.000000  ,0.010131  ,33.290000 ,-0.004723 ,-2.100414 
8.480000  ,34.983203 ,-31.318559,7.673756  ,0.000000  ,0.000000  ,-0.022279 ,33.410000 ,-0.032814 ,-2.379501 
8.520000  ,35.228467 ,-31.505094,7.731520  ,0.000000  ,0.000000  ,-0.045776 ,33.660000 ,-0.062820 ,-2.323553 
8.560000  ,35.472670 ,-31.696437,7.779057  ,0.000000  ,0.000000  ,0.067048  ,33.780000 ,0.043292  ,-2.473344 
8.600000  ,35.715150 ,-31.892716,7.818177  ,0.000000  ,0.000000  ,0.005510  ,33.900000 ,-0.030460 ,-2.887679 
8.640000  ,35.956411 ,-32.092733,7.850370  ,0.000000  ,0.000000  ,0.053586  ,34.150000 ,0.005824  ,-2.651623 
8.680000  ,36.196655 ,-32.295786,7.876864  ,0.000000  ,0.000000  ,-0.048055 ,34.270000 ,-0.097677 ,-1.930088 
8.720000  ,36.436236 ,-32.501105,7.898666  ,0.000000  ,0.000000  ,-0.007700 ,34.390000 ,-0.057323 ,-1.147802 
8.760000  ,36.673921 ,-32.709813,7.916608  ,0.000000  ,0.000000  ,0.051945  ,34.640000 ,-0.086241 ,-1.551520 
8.800000  ,36.902921 ,-32.917352,7.536208  ,0.000000  ,0.000000  ,0.012136  ,34.760000 ,-0.044271 ,-3.449740 
8.840000  ,37.120990 ,-33.124836,7.517014  ,0.000000  ,0.000000  ,0.014253  ,34.880000 ,-0.057414 ,-5.756931 
8.880000  ,37.327066 ,-33.333201,7.136614  ,0.000000  ,0.000000  ,-0.099159 ,35.130000 ,-0.178522 ,-8.298353 
8.920000  ,37.514104 ,-33.538636,6.756214  ,0.000000  ,0.000000  ,0.059390  ,35.250000 ,-0.037471 ,-12.203369
8.960000  ,37.676390 ,-33.745021,6.375814  ,0.000000  ,0.000000  ,-0.048907 ,35.370000 ,-0.142423 ,-18.544865
9.000000  ,37.809146 ,-33.954537,6.065343  ,0.000000  ,0.000000  ,-0.039958 ,35.500000 ,-0.015099 ,-26.074686
9.040000  ,37.905945 ,-34.168413,5.684943  ,0.000000  ,0.000000  ,-0.033072 ,35.620000 ,0.213952  ,-33.580159
9.080000  ,37.961879 ,-34.380666,5.304543  ,0.000000  ,0.000000  ,-0.028409 ,35.740000 ,0.371591  ,-41.177060
9.120000  ,37.976122 ,-34.584414,4.924143  ,0.000000  ,0.000000  ,-0.022771 ,35.860000 ,0.377229  ,-45.936437
9.160000  ,37.951809 ,-34.771892,4.543743  ,0.000000  ,0.000000  ,0.078995  ,35.990000 ,0.478995  ,-46.215498
9.200000  ,37.897695 ,-34.937184,4.163343  ,0.000000  ,0.000000  ,0.014591  ,36.110000 ,0.414591  ,-41.604292
9.240000  ,37.825443 ,-35.078588,3.782943  ,0.000000  ,0.000000  ,0.017245  ,36.110000 ,0.417245  ,-33.057004
9.280000  ,37.745241 ,-35.197770,3.402543  ,0.000000  ,0.000000  ,-0.057892 ,36.110000 ,0.104413  ,-22.878585
9.320000  ,37.666937 ,-35.299641,3.022400  ,0.000000  ,0.000000  ,-0.037824 ,36.470000 ,-0.200610 ,-13.255421
9.360000  ,37.588028 ,-35.397769,3.266167  ,0.000000  ,0.000000  ,0.053873  ,36.960000 ,-0.265440 ,-5.474175 
9.400000  ,37.508152 ,-35.498443,3.171768  ,0.000000  ,0.000000  ,-0.009304 ,37.090000 ,-0.409304 ,-0.979185 
9.440000  ,37.433373 ,-35.593991,2.926730  ,0.000000  ,0.000000  ,-0.035034 ,37.090000 ,-0.435034 ,0.992392  
9.480000  ,37.361773 ,-35.683579,2.821354  ,0.000000  ,0.000000  ,-0.009315 ,37.210000 ,-0.409315 ,1.095152  
9.520000  ,37.288283 ,-35.767846,2.776038  ,0.000000  ,0.000000  ,0.024911  ,37.330000 ,-0.375089 ,0.484532  
9.560000  ,37.208875 ,-35.844761,2.756550  ,0.000000  ,0.000000  ,0.000715  ,37.330000 ,-0.399285 ,-0.075301 
9.600000  ,37.121976 ,-35.912228,2.748169  ,0.000000  ,0.000000  ,-0.021687 ,37.330000 ,-0.363788 ,-0.474782 
9.640000  ,37.027437 ,-35.969906,2.790558  ,0.000000  ,0.000000  ,-0.038086 ,37.450000 ,-0.157126 ,-0.695546 
9.680000  ,36.919974 ,-36.021469,3.170958  ,0.000000  ,0.000000  ,0.041917  ,37.450000 ,-0.069112 ,-0.296577 
9.720000  ,36.795064 ,-36.071040,3.544818  ,0.000000  ,0.000000  ,-0.028429 ,37.580000 ,-0.078051 ,-0.512759 
9.760000  ,36.654026 ,-36.120306,3.925218  ,0.000000  ,0.000000  ,-0.108994 ,37.700000 ,-0.138028 ,-0.950868 
9.800000  ,36.497392 ,-36.170940,4.305618  ,0.000000  ,0.000000  ,-0.014447 ,37.700000 ,-0.033543 ,-1.090328 
9.840000  ,36.325053 ,-36.222297,4.686018  ,0.000000  ,0.000000  ,-0.040096 ,37.820000 ,-0.057158 ,-1.143726 
9.880000  ,36.137216 ,-36.274839,5.066418  ,0.000000  ,0.000000  ,0.056876  ,37.940000 ,0.060434  ,-1.093540 
9.920000  ,35.933959 ,-36.328664,5.446818  ,0.000000  ,0.000000  ,-0.008625 ,38.070000 ,0.011166  ,-1.006906 
9.960000  ,35.715720 ,-36.385350,5.827218  ,0.000000  ,0.000000  ,0.060272  ,38.190000 ,0.070410  ,-0.542115 
10.000000 ,35.482821 ,-36.445967,6.201479  ,0.000000  ,0.000000  ,-0.042506 ,38.430000 ,-0.012509 ,0.011427  
10.040000 ,35.236798 ,-36.511576,6.519923  ,0.000000  ,0.000000  ,0.031273  ,38.560000 ,0.060146  ,0.636785  
10.080000 ,34.980050 ,-36.581870,6.781984  ,0.000000  ,0.000000  ,0.010680  ,38.680000 ,0.041533  ,0.967465  
10.120000 ,34.714895 ,-36.657470,6.997645  ,0.000000  ,0.000000  ,-0.008722 ,38.920000 ,0.046128  ,1.349757  
10.160000 ,34.444438 ,-36.737797,7.105809  ,0.000000  ,0.000000  ,0.018766  ,39.050000 ,0.074965  ,1.707406  
10.200000 ,34.171512 ,-36.822368,7.178516  ,0.000000  ,0.000000  ,0.023541  ,39.170000 ,0.139674  ,1.991896  
10.240000 ,33.906034 ,-36.909867,6.798116  ,0.000000  ,0.000000  ,0.005131  ,39.410000 ,0.135609  ,3.387336  
10.280000 ,33.657974 ,-37.001079,6.417716  ,0.000000  ,0.000000  ,-0.050550 ,39.530000 ,0.125846  ,7.187257  
10.320000 ,33.429011 ,-37.099088,6.037316  ,0.000000  ,0.000000  ,0.019367  ,39.660000 ,0.249992  ,12.837676 
10.360000 ,33.222160 ,-37.208032,5.656916  ,0.000000  ,0.000000  ,-0.086173 ,39.900000 ,0.214476  ,19.664626 
10.400000 ,33.043926 ,-37.334301,5.276516  ,0.000000  ,0.000000  ,0.005150  ,39.900000 ,0.213938  ,28.296025 
10.440000 ,32.902500 ,-37.480032,4.896116  ,0.000000  ,0.000000  ,-0.038914 ,40.150000 ,0.080538  ,38.034355 
10.480000 ,32.806520 ,-37.651014,4.940367  ,0.000000  ,0.000000  ,0.049533  ,40.270000 ,0.144859  ,38.003040 
10.520000 ,32.755810 ,-37.844718,5.086474  ,0.000000  ,0.000000  ,-0.036700 ,40.390000 ,0.144532  ,27.696864 
10.560000 ,32.742682 ,-38.039893,4.706074  ,0.000000  ,0.000000  ,-0.003125 ,40.510000 ,0.259861  ,23.161626 
10.600000 ,32.760461 ,-38.219432,4.325674  ,0.000000  ,0.000000  ,-0.048144 ,40.760000 ,0.351856  ,25.446456 
10.640000 ,32.808475 ,-38.377355,3.945274  ,0.000000  ,0.000000  ,-0.073571 ,40.760000 ,0.162661  ,29.540046 
10.680000 ,32.890070 ,-38.507069,3.767670  ,0.000000  ,0.000000  ,-0.033657 ,40.880000 ,0.062706  ,30.322895 
10.720000 ,33.007590 ,-38.611966,4.115875  ,0.000000  ,0.000000  ,-0.049040 ,41.000000 ,-0.006128 ,19.954246 
10.760000 ,33.152591 ,-38.704801,4.496275  ,0.000000  ,0.000000  ,-0.062824 ,41.250000 ,-0.021647 ,9.683894  
10.800000 ,33.316186 ,-38.796315,4.876675  ,0.000000  ,0.000000  ,-0.048469 ,41.370000 ,0.007546  ,3.665214  
10.840000 ,33.494413 ,-38.892816,5.257075  ,0.000000  ,0.000000  ,0.035649  ,41.490000 ,0.145664  ,0.609185  
10.880000 ,33.672949 ,-38.988742,4.876675  ,0.000000  ,0.000000  ,0.003951  ,41.740000 ,0.122590  ,-0.607715 
10.920000 ,33.839517 ,-39.074731,4.496275  ,0.000000  ,0.000000  ,-0.052195 ,41.740000 ,0.076901  ,0.076536  
10.960000 ,33.994730 ,-39.149392,4.115875  ,0.000000  ,0.000000  ,0.000488  ,41.860000 ,0.074875  ,2.337050  
11.000000 ,34.152451 ,-39.218590,4.496275  ,0.000000  ,0.000000  ,-0.050260 ,41.980000 ,-0.005376 ,2.916610  
11.040000 ,34.323481 ,-39.287409,4.715148  ,0.000000  ,0.000000  ,-0.025276 ,42.110000 ,-0.011463 ,2.279964  
11.080000 ,34.500279 ,-39.354834,4.744929  ,0.000000  ,0.000000  ,0.043642  ,42.110000 ,0.067832  ,1.714282  
11.120000 ,34.680527 ,-39.421207,4.855779  ,0.000000  ,0.000000  ,-0.129670 ,42.230000 ,-0.080685 ,1.196200  
11.160000 ,34.856783 ,-39.482535,4.475379  ,0.000000  ,0.000000  ,0.011343  ,42.350000 ,-0.026234 ,1.536682  
11.200000 ,35.033911 ,-39.541301,4.855779  ,0.000000  ,0.000000  ,-0.044218 ,42.470000 ,-0.107111 ,1.452103  
11.240000 ,35.225780 ,-39.603925,5.234428  ,0.000000  ,0.000000  ,0.069383  ,42.470000 ,-0.131576 ,0.627270  
11.280000 ,35.416800 ,-39.668888,4.854028  ,0.000000  ,0.000000  ,-0.093958 ,42.720000 ,-0.321492 ,-0.981664 
11.320000 ,35.591455 ,-39.734411,4.473628  ,0.000000  ,0.000000  ,0.056787  ,42.840000 ,-0.307025 ,-3.730530 
11.360000 ,35.747846 ,-39.804265,4.093228  ,0.000000  ,0.000000  ,-0.042000 ,42.960000 ,-0.241509 ,-7.642508 
11.400000 ,35.887203 ,-39.886786,4.020012  ,0.000000  ,0.000000  ,0.042947  ,42.960000 ,-0.103169 ,-10.402468
11.440000 ,36.015542 ,-39.987251,4.131086  ,0.000000  ,0.000000  ,-0.052571 ,43.330000 ,-0.407087 ,-9.796441 
11.480000 ,36.129020 ,-40.096591,3.750686  ,0.000000  ,0.000000  ,0.010745  ,43.450000 ,-0.300867 ,-10.306448
11.520000 ,36.220100 ,-40.206426,3.416187  ,0.000000  ,0.000000  ,0.013872  ,43.570000 ,-0.063105 ,-12.261481
11.560000 ,36.293466 ,-40.330484,3.796587  ,0.000000  ,0.000000  ,-0.082042 ,43.570000 ,-0.172330 ,-8.590419 
11.600000 ,36.359699 ,-40.475424,4.166744  ,0.000000  ,0.000000  ,-0.011152 ,43.700000 ,-0.106901 ,-4.717864 
11.640000 ,36.422032 ,-40.636203,4.447558  ,0.000000  ,0.000000  ,0.056185  ,43.820000 ,-0.036404 ,-3.050038 
11.680000 ,36.481398 ,-40.809321,4.695989  ,0.000000  ,0.000000  ,0.066749  ,43.940000 ,-0.127645 ,-2.381266 
11.720000 ,36.535560 ,-40.981358,4.337868  ,0.000000  ,0.000000  ,0.036889  ,44.060000 ,-0.276186 ,-2.721849 
11.760000 ,36.578958 ,-41.141469,3.957468  ,0.000000  ,0.000000  ,-0.017737 ,44.190000 ,-0.331398 ,-4.272812 
11.800000 ,36.607968 ,-41.289283,3.577068  ,0.000000  ,0.000000  ,0.028143  ,44.190000 ,-0.190809 ,-6.961116 
11.840000 ,36.618446 ,-41.432617,3.612893  ,0.000000  ,0.000000  ,-0.003110 ,44.310000 ,-0.158865 ,-7.684110 
11.880000 ,36.612396 ,-41.580188,3.769794  ,0.000000  ,0.000000  ,0.059532  ,44.430000 ,-0.124279 ,-6.149016 
11.920000 ,36.593670 ,-41.731120,3.834425  ,0.000000  ,0.000000  ,0.000210  ,44.550000 ,-0.276010 ,-4.870661 
11.960000 ,36.565945 ,-41.875574,3.557495  ,0.000000  ,0.000000  ,-0.011581 ,44.550000 ,-0.345230 ,-5.028282 
12.000000 ,36.529435 ,-42.006136,3.258790  ,0.000000  ,0.000000  ,0.042937  ,44.680000 ,-0.357063 ,-6.131345 
12.040000 ,36.481278 ,-42.120041,2.965865  ,0.000000  ,0.000000  ,0.070521  ,44.800000 ,-0.329479 ,-7.394513 
12.080000 ,36.420160 ,-42.218191,2.838183  ,0.000000  ,0.000000  ,-0.086030 ,44.800000 ,-0.486030 ,-6.932013 
12.120000 ,36.347013 ,-42.303249,2.783275  ,0.000000  ,0.000000  ,-0.004585 ,44.920000 ,-0.080879 ,-5.131359 
12.160000 ,36.257507 ,-42.381462,3.163675  ,0.000000  ,0.000000  ,0.006074  ,45.040000 ,-0.335159 ,-2.294082 
12.200000 ,36.155741 ,-42.452797,3.065652  ,0.000000  ,0.000000  ,-0.021116 ,45.410000 ,-0.176006 ,-2.210137 
12.240000 ,36.043912 ,-42.514762,3.321704  ,0.000000  ,0.000000  ,-0.102679 ,45.530000 ,-0.224991 ,-2.049473 
12.280000 ,35.916879 ,-42.571864,3.633901  ,0.000000  ,0.000000  ,-0.028793 ,45.650000 ,-0.110913 ,-1.810076 
12.320000 ,35.773922 ,-42.626231,4.014301  ,0.000000  ,0.000000  ,-0.059844 ,45.650000 ,-0.122875 ,-1.840671 
12.360000 ,35.614287 ,-42.679131,4.394701  ,0.000000  ,0.000000  ,0.000976  ,45.780000 ,-0.050007 ,-1.818561 
12.400000 ,35.438485 ,-42.731341,4.775101  ,0.000000  ,0.000000  ,-0.006914 ,45.900000 ,-0.077114 ,-1.751306 
12.440000 ,35.247396 ,-42.783612,5.120049  ,0.000000  ,0.000000  ,0.020086  ,45.900000 ,-0.053838 ,-1.539729 
12.480000 ,35.043721 ,-42.834846,5.373440  ,0.000000  ,0.000000  ,0.038535  ,46.140000 ,-0.041090 ,-1.560338 
12.520000 ,34.831031 ,-42.884275,5.539504  ,0.000000  ,0.000000  ,0.001618  ,46.140000 ,-0.087339 ,-1.694603 
12.560000 ,34.612947 ,-42.931536,5.615653  ,0.000000  ,0.000000  ,0.103453  ,46.270000 ,0.022510  ,-1.777717 
12.600000 ,34.390131 ,-42.974766,5.729659  ,0.000000  ,0.000000  ,0.094889  ,46.510000 ,-0.005480 ,-2.181776 
12.640000 ,34.165822 ,-43.014178,5.665975  ,0.000000  ,0.000000  ,0.011599  ,46.630000 ,-0.107267 ,-2.498744 
12.680000 ,33.948561 ,-43.049669,5.377658  ,0.000000  ,0.000000  ,0.031338  ,46.760000 ,-0.051614 ,-2.590844 
12.720000 ,33.732682 ,-43.080277,5.520237  ,0.000000  ,0.000000  ,0.019779  ,46.760000 ,-0.069536 ,-2.497220 
12.760000 ,33.511800 ,-43.106219,5.597666  ,0.000000  ,0.000000  ,-0.000363 ,46.880000 ,-0.095776 ,-2.482553 
12.800000 ,33.288284 ,-43.127262,5.626927  ,0.000000  ,0.000000  ,0.020413  ,47.120000 ,-0.125594 ,-2.704704 
12.840000 ,33.071269 ,-43.141113,5.246527  ,0.000000  ,0.000000  ,0.089712  ,47.120000 ,-0.034401 ,-4.200783 
12.880000 ,32.864030 ,-43.145089,5.133109  ,0.000000  ,0.000000  ,-0.040306 ,47.250000 ,-0.123410 ,-6.297482 
12.920000 ,32.654997 ,-43.139230,5.317985  ,0.000000  ,0.000000  ,-0.021958 ,47.370000 ,-0.080440 ,6.026948  
12.960000 ,32.435498 ,-43.122892,5.678901  ,0.000000  ,0.000000  ,-0.059645 ,47.610000 ,-0.112146 ,4.291146  
13.000000 ,32.202208 ,-43.097694,6.046243  ,0.000000  ,0.000000  ,-0.023818 ,47.740000 ,-0.088515 ,2.798695  
13.040000 ,31.959106 ,-43.064643,6.215870  ,0.000000  ,0.000000  ,-0.055115 ,47.860000 ,-0.115412 ,2.491247  
13.080000 ,31.709926 ,-43.024313,6.400030  ,0.000000  ,0.000000  ,0.050503  ,47.980000 ,0.000880  ,2.879828  
13.120000 ,31.452732 ,-42.975254,6.683319  ,0.000000  ,0.000000  ,-0.018205 ,48.100000 ,-0.076594 ,3.296991  
13.160000 ,31.188785 ,-42.919123,6.805579  ,0.000000  ,0.000000  ,0.027118  ,48.350000 ,-0.022504 ,3.128372  
13.200000 ,30.919433 ,-42.856326,7.017062  ,0.000000  ,0.000000  ,-0.060323 ,48.470000 ,-0.109945 ,2.760102  
13.240000 ,30.643834 ,-42.786665,7.191100  ,0.000000  ,0.000000  ,-0.027184 ,48.590000 ,-0.076807 ,2.468599  
13.280000 ,30.363700 ,-42.709420,7.334323  ,0.000000  ,0.000000  ,-0.002732 ,48.840000 ,-0.052355 ,2.899057  
13.320000 ,30.080489 ,-42.624062,7.452187  ,0.000000  ,0.000000  ,-0.041382 ,48.960000 ,-0.091005 ,3.737283  
13.360000 ,29.795349 ,-42.530563,7.549182  ,0.000000  ,0.000000  ,-0.004275 ,49.200000 ,-0.042786 ,4.333613  
13.400000 ,29.509640 ,-42.427878,7.629003  ,0.000000  ,0.000000  ,-0.082798 ,49.330000 ,-0.115508 ,4.912568  
13.440000 ,29.224288 ,-42.315992,7.694692  ,0.000000  ,0.000000  ,0.024250  ,49.450000 ,0.002155  ,5.298403  
13.480000 ,28.940640 ,-42.193707,7.748749  ,0.000000  ,0.000000  ,-0.075188 ,49.690000 ,-0.093314 ,5.945029  
13.520000 ,28.658998 ,-42.062136,7.793235  ,0.000000  ,0.000000  ,0.000921  ,49.820000 ,-0.004256 ,5.994691  
13.560000 ,28.379978 ,-41.921477,7.829845  ,0.000000  ,0.000000  ,-0.043991 ,50.060000 ,-0.043895 ,5.742603  
13.600000 ,28.103878 ,-41.772333,7.859972  ,0.000000  ,0.000000  ,0.085956  ,50.180000 ,0.092039  ,5.313677  
13.640000 ,27.830700 ,-41.615692,7.884766  ,0.000000  ,0.000000  ,-0.018824 ,50.430000 ,-0.006635 ,4.815596  
13.680000 ,27.559474 ,-41.453913,7.905169  ,0.000000  ,0.000000  ,-0.002302 ,50.550000 ,0.013137  ,3.565625  
13.720000 ,27.289406 ,-41.288782,7.921960  ,0.000000  ,0.000000  ,-0.001317 ,50.800000 ,-0.000981 ,1.965740  
13.760000 ,27.020012 ,-41.121394,7.935777  ,0.000000  ,0.000000  ,0.019599  ,50.920000 ,0.014995  ,0.764334  
13.800000 ,26.750588 ,-40.953102,7.947148  ,0.000000  ,0.000000  ,-0.026832 ,51.040000 ,-0.047049 ,0.019158  
13.840000 ,26.480724 ,-40.784735,7.956506  ,0.000000  ,0.000000  ,0.075963  ,51.290000 ,0.068757  ,0.394132  
13.880000 ,26.210932 ,-40.615611,7.964207  ,0.000000  ,0.000000  ,-0.062767 ,51.410000 ,-0.074699 ,0.057832  
13.920000 ,25.940477 ,-40.447021,7.970545  ,0.000000  ,0.000000  ,0.000053  ,51.650000 ,-0.026420 ,0.119875  
13.960000 ,25.669358 ,-40.279061,7.975760  ,0.000000  ,0.000000  ,0.007243  ,51.770000 ,-0.028511 ,0.443182  
14.000000 ,25.398310 ,-40.110628,7.980052  ,0.000000  ,0.000000  ,-0.066563 ,51.900000 ,-0.095545 ,0.190617  
14.040000 ,25.127649 ,-39.941280,7.983584  ,0.000000  ,0.000000  ,0.073825  ,52.140000 ,0.045575  ,0.549028  
14.080000 ,24.858897 ,-39.768685,7.986491  ,0.000000  ,0.000000  ,-0.050166 ,52.260000 ,-0.073853 ,2.117098  
14.120000 ,24.592423 ,-39.592401,7.988882  ,0.000000  ,0.000000  ,0.017262  ,52.510000 ,-0.032360 ,3.372243  
14.160000 ,24.328992 ,-39.411453,7.990851  ,0.000000  ,0.000000  ,0.008693  ,52.630000 ,-0.040815 ,4.062139  
14.200000 ,24.069160 ,-39.225252,7.992471  ,0.000000  ,0.000000  ,0.019451  ,52.750000 ,-0.024388 ,4.323203  
14.240000 ,23.813159 ,-39.033719,7.993804  ,0.000000  ,0.000000  ,-0.054662 ,53.000000 ,-0.103415 ,4.302012  
14.280000 ,23.561203 ,-38.836818,7.994901  ,0.000000  ,0.000000  ,0.042222  ,53.240000 ,-0.007400 ,4.241843  
14.320000 ,23.314530 ,-38.633282,7.995804  ,0.000000  ,0.000000  ,-0.006579 ,53.370000 ,-0.046245 ,4.904856  
14.360000 ,23.072923 ,-38.423700,7.996547  ,0.000000  ,0.000000  ,0.065872  ,53.610000 ,0.028431  ,5.347836  
14.400000 ,22.836655 ,-38.208082,7.997158  ,0.000000  ,0.000000  ,0.009105  ,53.730000 ,-0.023685 ,5.375414  
14.440000 ,22.604890 ,-37.987592,7.997661  ,0.000000  ,0.000000  ,0.085822  ,53.860000 ,0.049446  ,4.592378  
14.480000 ,22.377596 ,-37.762470,7.998075  ,0.000000  ,0.000000  ,-0.006261 ,54.100000 ,-0.044665 ,3.761790  
14.520000 ,22.153429 ,-37.534209,7.998416  ,0.000000  ,0.000000  ,0.043041  ,54.220000 ,-0.004944 ,2.735895  
14.560000 ,21.932523 ,-37.302774,7.998697  ,0.000000  ,0.000000  ,-0.046937 ,54.470000 ,-0.090327 ,2.264352  
14.600000 ,21.713892 ,-37.069172,7.998927  ,0.000000  ,0.000000  ,0.039794  ,54.590000 ,-0.009829 ,1.917162  
14.640000 ,21.498305 ,-36.832752,7.999117  ,0.000000  ,0.000000  ,0.075455  ,54.710000 ,0.026746  ,2.216035  
14.680000 ,21.285864 ,-36.593487,7.999274  ,0.000000  ,0.000000  ,-0.038320 ,54.960000 ,-0.087942 ,2.673864  
14.720000 ,21.075157 ,-36.352686,7.999402  ,0.000000  ,0.000000  ,0.096152  ,55.080000 ,0.046530  ,2.186445  
14.760000 ,20.867748 ,-36.109037,7.999508  ,0.000000  ,0.000000  ,-0.079854 ,55.200000 ,-0.129476 ,2.198100  
14.800000 ,20.663704 ,-35.862554,7.999595  ,0.000000  ,0.000000  ,-0.048161 ,55.450000 ,-0.097783 ,2.613301  
14.840000 ,20.463613 ,-35.612854,7.999667  ,0.000000  ,0.000000  ,-0.079309 ,55.570000 ,-0.128931 ,3.296254  
14.880000 ,20.269732 ,-35.358304,7.999726  ,0.000000  ,0.000000  ,-0.038325 ,55.690000 ,-0.073004 ,4.733045  
14.920000 ,20.084317 ,-35.097529,7.999774  ,0.000000  ,0.000000  ,0.047167  ,55.940000 ,0.014628  ,6.751883  
14.960000 ,19.908121 ,-34.830435,7.999814  ,0.000000  ,0.000000  ,-0.034171 ,56.060000 ,-0.045127 ,8.027404  
15.000000 ,19.740801 ,-34.557688,7.999847  ,0.000000  ,0.000000  ,-0.024987 ,56.300000 ,-0.025326 ,7.717888  
15.040000 ,19.583027 ,-34.279311,7.999874  ,0.000000  ,0.000000  ,-0.076909 ,56.430000 ,-0.075461 ,6.931616  
15.080000 ,19.434211 ,-33.996040,7.999897  ,0.000000  ,0.000000  ,0.058052  ,56.550000 ,0.052387  ,6.212824  
15.120000 ,19.295217 ,-33.707825,7.999915  ,0.000000  ,0.000000  ,-0.015914 ,56.790000 ,0.006211  ,6.308797  
15.160000 ,19.164974 ,-33.415542,7.999930  ,0.000000  ,0.000000  ,0.059001  ,56.920000 ,0.094920  ,6.282427  
15.200000 ,19.041761 ,-33.120224,7.999942  ,0.000000  ,0.000000  ,0.038843  ,57.040000 ,0.055516  ,5.312459  
15.240000 ,18.922275 ,-32.823371,7.999953  ,0.000000  ,0.000000  ,-0.015497 ,57.280000 ,-0.002582 ,2.949814  
15.280000 ,18.803664 ,-32.526167,7.999961  ,0.000000  ,0.000000  ,0.066334  ,57.410000 ,0.060230  ,0.096890  
15.320000 ,18.683945 ,-32.229408,7.999968  ,0.000000  ,0.000000  ,-0.012543 ,57.650000 ,-0.055537 ,1.949275  
15.360000 ,18.559839 ,-31.934461,7.999974  ,0.000000  ,0.000000  ,-0.014288 ,57.770000 ,-0.063910 ,3.564292  
15.400000 ,18.430983 ,-31.641554,7.999978  ,0.000000  ,0.000000  ,-0.011214 ,58.020000 ,-0.060837 ,4.127448  
15.440000 ,18.299240 ,-31.349933,7.999982  ,0.000000  ,0.000000  ,-0.026616 ,58.140000 ,-0.076238 ,2.964912  
15.480000 ,18.166155 ,-31.058921,7.999985  ,0.000000  ,0.000000  ,0.013152  ,58.380000 ,-0.036471 ,0.880663  
15.520000 ,18.034977 ,-30.767047,7.999988  ,0.000000  ,0.000000  ,0.041246  ,58.510000 ,-0.008376 ,1.657651  
15.560000 ,17.907503 ,-30.473536,7.999990  ,0.000000  ,0.000000  ,0.014214  ,58.750000 ,-0.035409 ,3.560614  
15.600000 ,17.784345 ,-30.178190,7.999992  ,0.000000  ,0.000000  ,0.093349  ,58.870000 ,0.047652  ,4.089937  
15.640000 ,17.666690 ,-29.880609,7.999993  ,0.000000  ,0.000000  ,0.012527  ,59.120000 ,-0.033482 ,3.995694  
15.680000 ,17.553453 ,-29.581317,7.999994  ,0.000000  ,0.000000  ,0.038277  ,59.240000 ,0.009952  ,3.270509  
15.720000 ,17.444670 ,-29.280378,7.999995  ,0.000000  ,0.000000  ,-0.038251 ,59.490000 ,-0.082347 ,2.653880  
15.760000 ,17.339189 ,-28.978264,7.999996  ,0.000000  ,0.000000  ,0.050102  ,59.610000 ,0.021920  ,2.086670  
15.800000 ,17.237838 ,-28.674743,7.999997  ,0.000000  ,0.000000  ,-0.073640 ,59.850000 ,-0.121111 ,2.251072  
15.840000 ,17.140737 ,-28.369832,7.999997  ,0.000000  ,0.000000  ,0.004751  ,60.100000 ,-0.017533 ,2.738562  
15.880000 ,17.048633 ,-28.063381,7.999998  ,0.000000  ,0.000000  ,0.056999  ,60.220000 ,0.031519  ,3.420442  
15.920000 ,16.962542 ,-27.755184,7.999998  ,0.000000  ,0.000000  ,0.037525  ,60.470000 ,0.015172  ,4.090245  
15.960000 ,16.881122 ,-27.445718,7.999999  ,0.000000  ,0.000000  ,0.008670  ,60.590000 ,-0.002313 ,3.788064  
16.000000 ,16.804057 ,-27.135138,7.999999  ,0.000000  ,0.000000  ,0.042029  ,60.830000 ,0.034124  ,2.912596  
16.040000 ,16.730241 ,-26.823769,7.999999  ,0.000000  ,0.000000  ,-0.046046 ,60.950000 ,-0.059147 ,1.894692  
16.080000 ,16.657674 ,-26.512106,7.999999  ,0.000000  ,0.000000  ,0.053023  ,61.200000 ,0.025357  ,0.695114  
16.120000 ,16.586998 ,-26.200009,7.999999  ,0.000000  ,0.000000  ,0.059154  ,61.320000 ,0.022020  ,0.381262  
16.160000 ,16.516384 ,-25.887898,7.999999  ,0.000000  ,0.000000  ,0.086193  ,61.570000 ,0.053760  ,0.098897  
16.200000 ,16.444455 ,-25.576087,8.000000  ,0.000000  ,0.000000  ,-0.107854 ,61.690000 ,-0.149826 ,0.669456  
16.240000 ,16.369382 ,-25.265020,8.000000  ,0.000000  ,0.000000  ,0.039317  ,61.930000 ,-0.012821 ,1.987832  
16.280000 ,16.291809 ,-24.957165,7.888464  ,0.000000  ,0.000000  ,0.036745  ,62.060000 ,-0.012659 ,2.893841  
16.320000 ,16.212083 ,-24.651445,7.908212  ,0.000000  ,0.000000  ,0.029969  ,62.300000 ,-0.061689 ,2.577434  
16.360000 ,16.132397 ,-24.353186,7.527812  ,0.000000  ,0.000000  ,0.006201  ,62.420000 ,-0.150224 ,1.708491  
16.400000 ,16.057174 ,-24.069485,7.147412  ,0.000000  ,0.000000  ,-0.108935 ,62.550000 ,-0.233347 ,0.231224  
16.440000 ,15.990594 ,-23.799292,6.767012  ,0.000000  ,0.000000  ,-0.015349 ,62.790000 ,-0.064971 ,3.166439  
16.480000 ,15.936707 ,-23.529472,6.985324  ,0.000000  ,0.000000  ,0.054703  ,62.910000 ,0.045522  ,7.078244  
16.520000 ,15.895957 ,-23.249335,7.164981  ,0.000000  ,0.000000  ,-0.048674 ,63.160000 ,-0.019791 ,8.696559  
16.560000 ,15.867083 ,-22.961149,7.312829  ,0.000000  ,0.000000  ,-0.031051 ,63.280000 ,-0.045899 ,7.809751  
16.600000 ,15.848421 ,-22.666734,7.434499  ,0.000000  ,0.000000  ,0.062327  ,63.530000 ,0.076690  ,5.855959  
16.640000 ,15.838630 ,-22.367459,7.534625  ,0.000000  ,0.000000  ,-0.009790 ,63.650000 ,0.039832  ,4.332040  
16.680000 ,15.833534 ,-22.064419,7.617024  ,0.000000  ,0.000000  ,-0.061303 ,63.890000 ,0.069740  ,2.584681  
16.720000 ,15.829998 ,-21.767367,7.236624  ,0.000000  ,0.000000  ,-0.013745 ,64.010000 ,0.139480  ,0.809322  
16.760000 ,15.824698 ,-21.485563,6.856224  ,0.000000  ,0.000000  ,-0.027786 ,64.140000 ,0.186540  ,1.506930  
16.800000 ,15.812455 ,-21.219221,6.475824  ,0.000000  ,0.000000  ,-0.067926 ,64.260000 ,0.149395  ,5.722758  
16.840000 ,15.786944 ,-20.969145,6.095424  ,0.000000  ,0.000000  ,-0.027556 ,64.500000 ,0.196528  ,12.563299 
16.880000 ,15.743491 ,-20.737073,5.715024  ,0.000000  ,0.000000  ,-0.043344 ,64.630000 ,0.005757  ,20.850807 
16.920000 ,15.668793 ,-20.513220,6.095409  ,0.000000  ,0.000000  ,0.009817  ,64.750000 ,-0.000364 ,20.457219 
16.960000 ,15.561699 ,-20.286563,6.432634  ,0.000000  ,0.000000  ,-0.019971 ,64.870000 ,0.013596  ,12.743454 
17.000000 ,15.435951 ,-20.058467,6.586718  ,0.000000  ,0.000000  ,0.046944  ,65.120000 ,0.113963  ,6.289969  
17.040000 ,15.305311 ,-19.838480,6.206318  ,0.000000  ,0.000000  ,0.036584  ,65.360000 ,-0.010481 ,3.381707  
17.080000 ,15.170026 ,-19.624147,6.459162  ,0.000000  ,0.000000  ,-0.043319 ,65.480000 ,-0.139278 ,2.659433  
17.120000 ,15.032748 ,-19.414222,6.092560  ,0.000000  ,0.000000  ,-0.065856 ,65.610000 ,-0.182942 ,2.691247  
17.160000 ,14.903111 ,-19.216905,5.712160  ,0.000000  ,0.000000  ,-0.124916 ,65.730000 ,-0.269038 ,2.139939  
17.200000 ,14.785825 ,-19.029749,5.331760  ,0.000000  ,0.000000  ,-0.023329 ,65.850000 ,-0.170968 ,0.927004  
17.240000 ,14.685564 ,-18.850148,4.965913  ,0.000000  ,0.000000  ,-0.034606 ,66.220000 ,-0.106650 ,6.783749  
17.280000 ,14.600893 ,-18.663814,5.261682  ,0.000000  ,0.000000  ,-0.026852 ,66.340000 ,-0.076474 ,9.292051  
17.320000 ,14.525533 ,-18.459210,5.642082  ,0.000000  ,0.000000  ,-0.033995 ,66.460000 ,-0.083618 ,7.221919  
17.360000 ,14.455662 ,-18.236642,6.022482  ,0.000000  ,0.000000  ,-0.074129 ,66.710000 ,-0.123751 ,4.352531  
17.400000 ,14.388571 ,-17.997777,6.372619  ,0.000000  ,0.000000  ,-0.069706 ,66.710000 ,-0.136329 ,2.481751  
17.440000 ,14.325531 ,-17.748805,6.466354  ,0.000000  ,0.000000  ,-0.043155 ,66.950000 ,-0.108406 ,2.405508  
17.480000 ,14.268771 ,-17.494566,6.556300  ,0.000000  ,0.000000  ,0.035549  ,67.070000 ,-0.019589 ,3.526973  
17.520000 ,14.219280 ,-17.233204,6.739069  ,0.000000  ,0.000000  ,-0.000343 ,67.200000 ,-0.077893 ,4.561633  
17.560000 ,14.177494 ,-16.971390,6.543296  ,0.000000  ,0.000000  ,0.055800  ,67.440000 ,-0.005037 ,5.517107  
17.600000 ,14.145622 ,-16.709123,6.663755  ,0.000000  ,0.000000  ,-0.009216 ,67.560000 ,-0.074532 ,6.059389  
17.640000 ,14.122425 ,-16.442468,6.718141  ,0.000000  ,0.000000  ,-0.016065 ,67.690000 ,-0.058905 ,5.507156  
17.680000 ,14.106832 ,-16.169520,6.945106  ,0.000000  ,0.000000  ,-0.049501 ,67.810000 ,-0.090795 ,4.257737  
17.720000 ,14.097982 ,-15.888011,7.131884  ,0.000000  ,0.000000  ,0.070157  ,67.930000 ,0.070672  ,3.153448  
17.760000 ,14.095607 ,-15.599584,7.285592  ,0.000000  ,0.000000  ,-0.004519 ,68.180000 ,0.012274  ,2.914376  
17.800000 ,14.098339 ,-15.305568,7.412084  ,0.000000  ,0.000000  ,0.016036  ,68.300000 ,0.064834  ,2.733132  
17.840000 ,14.104292 ,-15.007000,7.516180  ,0.000000  ,0.000000  ,0.053288  ,68.540000 ,0.091514  ,1.975468  
17.880000 ,14.110594 ,-14.704653,7.601845  ,0.000000  ,0.000000  ,-0.022628 ,68.790000 ,0.020290  ,0.337764  
17.920000 ,14.113936 ,-14.399147,7.672342  ,0.000000  ,0.000000  ,-0.089505 ,68.910000 ,-0.054871 ,1.865249  
17.960000 ,14.113664 ,-14.091060,7.730356  ,0.000000  ,0.000000  ,0.081808  ,69.160000 ,0.108214  ,3.127321  
18.000000 ,14.110477 ,-13.780879,7.778099  ,0.000000  ,0.000000  ,-0.028221 ,69.280000 ,0.004482  ,2.718108  
18.040000 ,14.103101 ,-13.469036,7.817389  ,0.000000  ,0.000000  ,0.036367  ,69.400000 ,0.062483  ,2.238287  
18.080000 ,14.091611 ,-13.155887,7.849722  ,0.000000  ,0.000000  ,0.025646  ,69.650000 ,0.054722  ,2.161930  
18.120000 ,14.075112 ,-12.841787,7.876330  ,0.000000  ,0.000000  ,-0.056361 ,69.770000 ,-0.041574 ,2.726637  
18.160000 ,14.052455 ,-12.527103,7.898227  ,0.000000  ,0.000000  ,-0.060022 ,70.010000 ,-0.043038 ,3.725572  
18.200000 ,14.024378 ,-12.212053,7.916247  ,0.000000  ,0.000000  ,0.021396  ,70.130000 ,0.012746  ,3.951916  
18.240000 ,13.993105 ,-11.896645,7.931076  ,0.000000  ,0.000000  ,-0.005320 ,70.380000 ,0.006679  ,2.722985  
18.280000 ,13.958561 ,-11.581036,7.943279  ,0.000000  ,0.000000  ,0.044248  ,70.500000 ,0.057428  ,1.476802  
18.320000 ,13.921721 ,-11.265240,7.953322  ,0.000000  ,0.000000  ,0.026986  ,70.620000 ,0.054052  ,0.847539  
18.360000 ,13.881546 ,-10.949485,7.961587  ,0.000000  ,0.000000  ,0.030843  ,70.870000 ,0.030055  ,1.365971  
18.400000 ,13.836964 ,-10.634019,7.968388  ,0.000000  ,0.000000  ,0.071052  ,70.990000 ,0.021430  ,2.636206  
18.440000 ,13.787352 ,-10.319055,7.973986  ,0.000000  ,0.000000  ,-0.040788 ,71.240000 ,-0.085909 ,3.681180  
18.480000 ,13.732277 ,-10.004794,7.978592  ,0.000000  ,0.000000  ,0.087732  ,71.360000 ,0.038109  ,4.024617  
18.520000 ,13.673709 ,-9.690992 ,7.982382  ,0.000000  ,0.000000  ,0.075866  ,71.480000 ,0.033573  ,2.941723  
18.560000 ,13.612813 ,-9.377493 ,7.985502  ,0.000000  ,0.000000  ,0.011532  ,71.730000 ,-0.010318 ,1.363032  
18.600000 ,13.549097 ,-9.064439 ,7.988069  ,0.000000  ,0.000000  ,0.052615  ,71.970000 ,0.048076  ,0.759832  
18.640000 ,13.483924 ,-8.751589 ,7.990181  ,0.000000  ,0.000000  ,0.028049  ,72.090000 ,0.022086  ,0.702299  
18.680000 ,13.416575 ,-8.439123 ,7.991920  ,0.000000  ,0.000000  ,-0.038312 ,72.340000 ,-0.047833 ,1.142495  
18.720000 ,13.346550 ,-8.127181 ,7.993350  ,0.000000  ,0.000000  ,0.030267  ,72.460000 ,0.034936  ,1.770753  
18.760000 ,13.275336 ,-7.815453 ,7.994528  ,0.000000  ,0.000000  ,-0.026123 ,72.710000 ,-0.016677 ,1.473463  
18.800000 ,13.202052 ,-7.504163 ,7.995497  ,0.000000  ,0.000000  ,0.034263  ,72.830000 ,0.005484  ,1.113703  
18.840000 ,13.129864 ,-7.200411 ,7.615097  ,0.000000  ,0.000000  ,0.037460  ,72.950000 ,0.083753  ,0.659954  
18.880000 ,13.058256 ,-6.902899 ,7.683247  ,0.000000  ,0.000000  ,0.017036  ,73.190000 ,0.066659  ,0.403753  
18.920000 ,12.983503 ,-6.603609 ,7.739331  ,0.000000  ,0.000000  ,0.049777  ,73.440000 ,0.286722  ,1.030933  
18.960000 ,12.906124 ,-6.311733 ,7.358931  ,0.000000  ,0.000000  ,0.041977  ,73.560000 ,0.099787  ,3.034825  
19.000000 ,12.821156 ,-6.029733 ,7.368115  ,0.000000  ,0.000000  ,0.037300  ,73.810000 ,0.437300  ,6.480208  
19.040000 ,12.725570 ,-5.759027 ,6.987715  ,0.000000  ,0.000000  ,0.095271  ,73.930000 ,0.158112  ,11.471710 
19.080000 ,12.613854 ,-5.502444 ,7.008866  ,0.000000  ,0.000000  ,0.007158  ,74.170000 ,0.173874  ,15.839816 
19.120000 ,12.482002 ,-5.263818 ,6.628466  ,0.000000  ,0.000000  ,0.009027  ,74.300000 ,0.090574  ,21.397202 
19.160000 ,12.330162 ,-5.052915 ,6.404903  ,0.000000  ,0.000000  ,-0.039833 ,74.420000 ,0.009789  ,28.950613 
19.200000 ,12.146362 ,-4.866551 ,6.687329  ,0.000000  ,0.000000  ,-0.044839 ,74.660000 ,0.004783  ,26.093711 
19.240000 ,11.932557 ,-4.698121 ,6.919749  ,0.000000  ,0.000000  ,-0.010413 ,74.790000 ,0.039209  ,16.189223 
19.280000 ,11.700262 ,-4.540536 ,7.111017  ,0.000000  ,0.000000  ,-0.031580 ,74.910000 ,0.045042  ,7.523013  
19.320000 ,11.465208 ,-4.394053 ,6.753368  ,0.000000  ,0.000000  ,0.000579  ,75.030000 ,0.135093  ,3.608621  
19.360000 ,11.239121 ,-4.260628 ,6.372968  ,0.000000  ,0.000000  ,0.045198  ,75.150000 ,0.190050  ,3.304665  
19.400000 ,11.022219 ,-4.141862 ,5.992568  ,0.000000  ,0.000000  ,0.055177  ,75.280000 ,0.207513  ,5.699885  
19.440000 ,10.812342 ,-4.042886 ,5.612168  ,0.000000  ,0.000000  ,0.013699  ,75.400000 ,0.093129  ,11.154700 
19.480000 ,10.599058 ,-3.965296 ,5.737341  ,0.000000  ,0.000000  ,-0.018614 ,75.520000 ,0.031008  ,14.255556 
19.520000 ,10.369477 ,-3.906338 ,6.116664  ,0.000000  ,0.000000  ,-0.014191 ,75.640000 ,-0.022218 ,11.295618 
19.560000 ,10.122517 ,-3.858662 ,6.450125  ,0.000000  ,0.000000  ,-0.046848 ,75.890000 ,-0.024513 ,6.232573  
19.600000 ,9.862440  ,-3.815353 ,6.724545  ,0.000000  ,0.000000  ,0.057258  ,76.010000 ,0.106880  ,2.100765  
19.640000 ,9.592304  ,-3.771726 ,6.950375  ,0.000000  ,0.000000  ,-0.014064 ,76.010000 ,0.035559  ,0.402996  
19.680000 ,9.314081  ,-3.726685 ,7.136221  ,0.000000  ,0.000000  ,-0.038675 ,76.250000 ,0.019512  ,1.011139  
19.720000 ,9.031393  ,-3.680960 ,7.180566  ,0.000000  ,0.000000  ,-0.036336 ,76.380000 ,0.062132  ,0.474374  
19.760000 ,8.755372  ,-3.636272 ,6.800166  ,0.000000  ,0.000000  ,-0.031359 ,76.500000 ,0.159135  ,0.199490  
19.800000 ,8.493896  ,-3.597099 ,6.419766  ,0.000000  ,0.000000  ,-0.006039 ,76.740000 ,0.072116  ,1.893687  
19.840000 ,8.239538  ,-3.566909 ,6.391792  ,0.000000  ,0.000000  ,0.081427  ,76.870000 ,0.145997  ,4.736686  
19.880000 ,7.982454  ,-3.546252 ,6.501446  ,0.000000  ,0.000000  ,-0.000792 ,76.990000 ,0.061151  ,6.370378  
19.920000 ,7.720167  ,-3.537613 ,6.617818  ,0.000000  ,0.000000  ,-0.025158 ,77.230000 ,0.045023  ,6.955524  
19.960000 ,7.455106  ,-3.540938 ,6.636659  ,0.000000  ,0.000000  ,-0.029649 ,77.230000 ,0.114529  ,7.103678  
20.000000 ,7.197612  ,-3.554317 ,6.256259  ,0.000000  ,0.000000  ,0.023487  ,77.360000 ,0.073110  ,8.213575  
20.040000 ,6.942357  ,-3.580381 ,6.565003  ,0.000000  ,0.000000  ,-0.033095 ,77.480000 ,0.016527  ,7.889013  
20.080000 ,6.677438  ,-3.619694 ,6.819082  ,0.000000  ,0.000000  ,-0.028008 ,77.720000 ,0.108629  ,5.604999  
20.120000 ,6.416436  ,-3.666397 ,6.438682  ,0.000000  ,0.000000  ,-0.037717 ,77.850000 ,0.128384  ,4.731760  
20.160000 ,6.172145  ,-3.719143 ,6.058282  ,0.000000  ,0.000000  ,-0.036482 ,77.970000 ,0.001054  ,6.645144  
20.200000 ,5.931441  ,-3.784367 ,6.402081  ,0.000000  ,0.000000  ,-0.053062 ,78.090000 ,-0.031019 ,7.374079  
20.240000 ,5.682030  ,-3.864284 ,6.685007  ,0.000000  ,0.000000  ,-0.000499 ,78.210000 ,-0.019117 ,5.601841  
20.280000 ,5.424901  ,-3.953585 ,6.917838  ,0.000000  ,0.000000  ,0.027590  ,78.340000 ,0.014892  ,3.055895  
20.320000 ,5.160706  ,-4.048307 ,7.109444  ,0.000000  ,0.000000  ,-0.086475 ,78.340000 ,-0.089835 ,0.825118  
20.360000 ,4.890202  ,-4.146067 ,7.267125  ,0.000000  ,0.000000  ,0.047615  ,78.700000 ,0.010331  ,-0.386419 
20.400000 ,4.613611  ,-4.243822 ,7.396887  ,0.000000  ,0.000000  ,0.010659  ,78.820000 ,-0.026242 ,-1.339841 
20.440000 ,4.331514  ,-4.340104 ,7.503674  ,0.000000  ,0.000000  ,0.017030  ,79.070000 ,0.002870  ,-1.995205 
20.480000 ,4.044702  ,-4.434531 ,7.591553  ,0.000000  ,0.000000  ,-0.035186 ,79.190000 ,-0.072712 ,-2.180675 
20.520000 ,3.753956  ,-4.527180 ,7.663872  ,0.000000  ,0.000000  ,-0.083859 ,79.440000 ,-0.123132 ,-1.882730 
20.560000 ,3.459596  ,-4.617068 ,7.723386  ,0.000000  ,0.000000  ,0.019497  ,79.560000 ,0.016424  ,-1.905015 
20.600000 ,3.161486  ,-4.701876 ,7.772363  ,0.000000  ,0.000000  ,-0.093018 ,79.800000 ,-0.091880 ,-3.000662 
20.640000 ,2.860184  ,-4.781800 ,7.812668  ,0.000000  ,0.000000  ,0.014749  ,79.930000 ,0.005054  ,-3.832390 
20.680000 ,2.555847  ,-4.855701 ,7.845837  ,0.000000  ,0.000000  ,0.006016  ,80.170000 ,-0.007425 ,-4.335112 
20.720000 ,2.248739  ,-4.922981 ,7.873133  ,0.000000  ,0.000000  ,0.017549  ,80.290000 ,0.013788  ,-4.485760 
20.760000 ,1.939518  ,-4.985030 ,7.895596  ,0.000000  ,0.000000  ,0.038874  ,80.540000 ,0.042978  ,-3.854812 
20.800000 ,1.628631  ,-5.042766 ,7.914082  ,0.000000  ,0.000000  ,0.000219  ,80.660000 ,-0.040588 ,-2.756105 
20.840000 ,1.316653  ,-5.098271 ,7.929294  ,0.000000  ,0.000000  ,-0.038268 ,80.910000 ,-0.087890 ,-1.368180 
20.880000 ,1.003704  ,-5.151406 ,7.941813  ,0.000000  ,0.000000  ,-0.074498 ,81.030000 ,-0.155117 ,-0.764954 
20.920000 ,0.697269  ,-5.198671 ,7.561413  ,0.000000  ,0.000000  ,-0.016789 ,81.150000 ,-0.117225 ,-2.321867 
20.960000 ,0.404623  ,-5.234494 ,7.181013  ,0.000000  ,0.000000  ,-0.041076 ,81.400000 ,-0.144501 ,-7.028648 
21.000000 ,0.125810  ,-5.255334 ,6.800613  ,0.000000  ,0.000000  ,0.031436  ,81.520000 ,0.036176  ,-13.866991
21.040000 ,-0.150472 ,-5.253094 ,7.012975  ,0.000000  ,0.000000  ,0.009801  ,81.760000 ,0.038619  ,16.764492 
21.080000 ,-0.433204 ,-5.225740 ,7.187737  ,0.000000  ,0.000000  ,-0.040381 ,81.880000 ,0.013912  ,14.009224 
21.120000 ,-0.718803 ,-5.180501 ,7.269152  ,0.000000  ,0.000000  ,-0.023843 ,82.130000 ,0.062317  ,9.527174  
21.160000 ,-0.996491 ,-5.125170 ,6.888752  ,0.000000  ,0.000000  ,-0.115707 ,82.250000 ,-0.009242 ,6.956013  
21.200000 ,-1.258135 ,-5.067432 ,6.508352  ,0.000000  ,0.000000  ,-0.072970 ,82.370000 ,-0.023348 ,5.682264  
21.240000 ,-1.516385 ,-5.004651 ,6.772461  ,0.000000  ,0.000000  ,-0.022638 ,82.620000 ,0.149216  ,3.632787  
21.280000 ,-1.770939 ,-4.937401 ,6.392061  ,0.000000  ,0.000000  ,0.076304  ,82.740000 ,0.291542  ,2.481678  
21.320000 ,-2.010411 ,-4.872643 ,6.011661  ,0.000000  ,0.000000  ,0.034620  ,82.860000 ,0.084242  ,1.808841  
21.360000 ,-2.250321 ,-4.810935 ,6.363714  ,0.000000  ,0.000000  ,-0.006748 ,82.990000 ,0.042875  ,0.336627  
21.400000 ,-2.503808 ,-4.750829 ,6.653433  ,0.000000  ,0.000000  ,0.020113  ,83.110000 ,0.069735  ,2.441727  
21.440000 ,-2.768660 ,-4.693214 ,6.891855  ,0.000000  ,0.000000  ,-0.075244 ,83.350000 ,0.289971  ,3.124988  
21.480000 ,-3.031893 ,-4.642596 ,6.511455  ,0.000000  ,0.000000  ,-0.030205 ,83.480000 ,0.337389  ,4.512760  
21.520000 ,-3.282115 ,-4.606552 ,6.131055  ,0.000000  ,0.000000  ,-0.090019 ,83.600000 ,0.195877  ,9.116122  
21.560000 ,-3.519286 ,-4.594022 ,5.750655  ,0.000000  ,0.000000  ,0.022114  ,83.720000 ,0.071736  ,18.014052 
21.600000 ,-3.755839 ,-4.614238 ,6.129345  ,0.000000  ,0.000000  ,0.005478  ,83.970000 ,0.055100  ,19.929281 
21.640000 ,-4.002493 ,-4.665425 ,6.460561  ,0.000000  ,0.000000  ,0.055313  ,84.090000 ,0.104935  ,13.607514 
21.680000 ,-4.256526 ,-4.737313 ,6.733133  ,0.000000  ,0.000000  ,-0.055414 ,84.210000 ,-0.005792 ,7.317885  
21.720000 ,-4.516778 ,-4.822816 ,6.957443  ,0.000000  ,0.000000  ,-0.025876 ,84.330000 ,0.032628  ,3.584575  
21.760000 ,-4.780838 ,-4.915302 ,7.029884  ,0.000000  ,0.000000  ,0.040650  ,84.580000 ,0.126412  ,1.792945  
21.800000 ,-5.037803 ,-5.009204 ,6.649484  ,0.000000  ,0.000000  ,0.044516  ,84.700000 ,0.155483  ,1.696284  
21.840000 ,-5.278263 ,-5.103689 ,6.269084  ,0.000000  ,0.000000  ,0.071700  ,84.820000 ,0.191635  ,3.961472  
21.880000 ,-5.500209 ,-5.202929 ,5.888684  ,0.000000  ,0.000000  ,-0.049592 ,84.940000 ,0.001959  ,8.958285  
21.920000 ,-5.713690 ,-5.318231 ,6.235709  ,0.000000  ,0.000000  ,-0.024831 ,85.070000 ,0.024792  ,10.929342 
21.960000 ,-5.929431 ,-5.455725 ,6.548093  ,0.000000  ,0.000000  ,-0.020092 ,85.190000 ,0.029530  ,8.587530  
22.000000 ,-6.147959 ,-5.609495 ,6.805166  ,0.000000  ,0.000000  ,-0.071714 ,85.310000 ,-0.022092 ,5.381142  
22.040000 ,-6.369716 ,-5.774753 ,7.016722  ,0.000000  ,0.000000  ,0.023181  ,85.430000 ,0.078624  ,2.833566  
22.080000 ,-6.594626 ,-5.945993 ,7.114263  ,0.000000  ,0.000000  ,-0.050665 ,85.560000 ,0.062836  ,0.963489  
22.120000 ,-6.813452 ,-6.115763 ,6.733863  ,0.000000  ,0.000000  ,0.044030  ,85.800000 ,0.212053  ,0.589322  
22.160000 ,-7.017701 ,-6.279443 ,6.353463  ,0.000000  ,0.000000  ,0.016847  ,85.920000 ,0.176441  ,2.147575  
22.200000 ,-7.204415 ,-6.440385 ,5.973063  ,0.000000  ,0.000000  ,-0.042601 ,86.050000 ,0.041548  ,6.350540  
22.240000 ,-7.376201 ,-6.607239 ,6.002369  ,0.000000  ,0.000000  ,-0.001453 ,86.170000 ,0.048169  ,10.132692 
22.280000 ,-7.541874 ,-6.790905 ,6.356067  ,0.000000  ,0.000000  ,0.007347  ,86.290000 ,0.070922  ,9.069459  
22.320000 ,-7.704251 ,-6.989871 ,6.481756  ,0.000000  ,0.000000  ,0.011140  ,86.410000 ,0.097617  ,6.210261  
22.360000 ,-7.856647 ,-7.192767 ,6.238530  ,0.000000  ,0.000000  ,-0.122553 ,86.540000 ,-0.034773 ,5.559214  
22.400000 ,-7.996200 ,-7.396049 ,6.108090  ,0.000000  ,0.000000  ,-0.016223 ,86.660000 ,0.033399  ,6.667836  
22.440000 ,-8.130345 ,-7.608451 ,6.443070  ,0.000000  ,0.000000  ,-0.003968 ,86.780000 ,0.020302  ,5.659783  
22.480000 ,-8.264668 ,-7.835026 ,6.718738  ,0.000000  ,0.000000  ,0.014921  ,86.900000 ,0.050697  ,3.282494  
22.520000 ,-8.400397 ,-8.072382 ,6.945597  ,0.000000  ,0.000000  ,0.055286  ,87.030000 ,0.114080  ,1.450317  
22.560000 ,-8.536550 ,-8.316240 ,7.016906  ,0.000000  ,0.000000  ,-0.072432 ,87.150000 ,-0.007205 ,0.788835  
22.600000 ,-8.669817 ,-8.562653 ,6.993393  ,0.000000  ,0.000000  ,0.060117  ,87.270000 ,0.127123  ,1.517311  
22.640000 ,-8.799317 ,-8.808988 ,6.929995  ,0.000000  ,0.000000  ,0.038206  ,87.520000 ,0.095842  ,2.412855  
22.680000 ,-8.923698 ,-9.058712 ,7.017099  ,0.000000  ,0.000000  ,-0.036802 ,87.640000 ,0.017551  ,3.523776  
22.720000 ,-9.038260 ,-9.307281 ,6.699705  ,0.000000  ,0.000000  ,0.003080  ,87.760000 ,-0.023419 ,5.897419  
22.760000 ,-9.140377 ,-9.546791 ,6.319305  ,0.000000  ,0.000000  ,-0.089027 ,87.880000 ,-0.233982 ,8.586946  
22.800000 ,-9.229290 ,-9.775252 ,5.938905  ,0.000000  ,0.000000  ,0.032248  ,88.000000 ,-0.294119 ,10.465267 
22.840000 ,-9.307113 ,-9.991628 ,5.558505  ,0.000000  ,0.000000  ,0.007988  ,88.130000 ,-0.392012 ,10.121691 
22.880000 ,-9.379395 ,-10.193826,5.178105  ,0.000000  ,0.000000  ,-0.007673 ,88.250000 ,-0.407673 ,6.190699  
22.920000 ,-9.453641 ,-10.378981,4.797705  ,0.000000  ,0.000000  ,0.022472  ,88.370000 ,-0.377528 ,-1.579334 
22.960000 ,-9.536769 ,-10.543358,4.417305  ,0.000000  ,0.000000  ,0.054228  ,88.490000 ,-0.345772 ,-11.645673
23.000000 ,-9.633128 ,-10.682057,4.036905  ,0.000000  ,0.000000  ,0.046595  ,88.740000 ,-0.353405 ,-21.391764
23.040000 ,-9.744029 ,-10.788195,3.656505  ,0.000000  ,0.000000  ,0.019594  ,88.860000 ,-0.380406 ,-28.878761
23.080000 ,-9.865632 ,-10.853731,3.276105  ,0.000000  ,0.000000  ,-0.062557 ,88.860000 ,-0.344820 ,-33.305893
23.120000 ,-9.994628 ,-10.873272,3.282208  ,0.000000  ,0.000000  ,-0.053337 ,88.980000 ,-0.326564 ,-27.086551
23.160000 ,-10.124230,-10.852681,3.297361  ,0.000000  ,0.000000  ,-0.031324 ,89.110000 ,-0.431324 ,17.256510 
23.200000 ,-10.239933,-10.805916,2.986348  ,0.000000  ,0.000000  ,-0.018900 ,89.110000 ,-0.344799 ,13.714686 
23.240000 ,-10.338074,-10.737703,3.000587  ,0.000000  ,0.000000  ,-0.078300 ,89.350000 ,-0.336813 ,9.926828  
23.280000 ,-10.423588,-10.651257,3.083166  ,0.000000  ,0.000000  ,-0.027493 ,89.350000 ,-0.161628 ,6.158980  
23.320000 ,-10.501327,-10.547413,3.396564  ,0.000000  ,0.000000  ,0.041126  ,89.840000 ,-0.032525 ,3.414794  
23.360000 ,-10.577298,-10.425734,3.776964  ,0.000000  ,0.000000  ,0.049064  ,89.840000 ,-0.011894 ,2.164415  
23.400000 ,-10.655302,-10.287549,4.157364  ,0.000000  ,0.000000  ,-0.027854 ,90.090000 ,-0.086573 ,1.666378  
23.440000 ,-10.737904,-10.134518,4.537764  ,0.000000  ,0.000000  ,0.030002  ,90.210000 ,-0.037402 ,1.186656  
23.480000 ,-10.824991,-9.966647 ,4.918164  ,0.000000  ,0.000000  ,0.067857  ,90.210000 ,-0.000445 ,0.912198  
23.520000 ,-10.916782,-9.784853 ,5.254261  ,0.000000  ,0.000000  ,0.075262  ,90.330000 ,-0.000431 ,0.746047  
23.560000 ,-11.012557,-9.592788 ,5.470206  ,0.000000  ,0.000000  ,0.076352  ,90.450000 ,-0.011903 ,0.527742  
23.600000 ,-11.110475,-9.394980 ,5.562840  ,0.000000  ,0.000000  ,0.037823  ,90.580000 ,-0.086940 ,0.312524  
23.640000 ,-11.205700,-9.201268 ,5.264451  ,0.000000  ,0.000000  ,-0.044709 ,90.700000 ,-0.208296 ,0.297190  
23.680000 ,-11.292174,-9.017646 ,4.884051  ,0.000000  ,0.000000  ,0.050602  ,90.820000 ,-0.119539 ,1.420565  
23.720000 ,-11.365680,-8.844329 ,4.560230  ,0.000000  ,0.000000  ,-0.015797 ,90.820000 ,-0.135611 ,4.250327  
23.760000 ,-11.427922,-8.670655 ,4.662563  ,0.000000  ,0.000000  ,-0.038282 ,90.940000 ,-0.140923 ,5.790916  
23.800000 ,-11.481013,-8.488503 ,4.820570  ,0.000000  ,0.000000  ,-0.063299 ,91.060000 ,-0.144172 ,5.487508  
23.840000 ,-11.525793,-8.295571 ,5.075831  ,0.000000  ,0.000000  ,0.061573  ,91.190000 ,-0.030886 ,4.562074  
23.880000 ,-11.562135,-8.092948 ,5.213753  ,0.000000  ,0.000000  ,0.050275  ,91.190000 ,0.018678  ,4.199314  
23.920000 ,-11.592432,-7.878929 ,5.594153  ,0.000000  ,0.000000  ,0.013286  ,91.310000 ,-0.035306 ,3.335925  
23.960000 ,-11.621121,-7.649342 ,5.974553  ,0.000000  ,0.000000  ,-0.016836 ,91.430000 ,-0.093198 ,1.717656  
24.000000 ,-11.648628,-7.410220 ,6.057906  ,0.000000  ,0.000000  ,-0.032126 ,91.550000 ,-0.139594 ,0.723650  
24.040000 ,-11.671512,-7.176326 ,5.716295  ,0.000000  ,0.000000  ,-0.001761 ,91.680000 ,-0.137458 ,1.535154  
24.080000 ,-11.686385,-6.955795 ,5.335895  ,0.000000  ,0.000000  ,-0.019283 ,91.800000 ,-0.070682 ,4.348935  
24.120000 ,-11.691205,-6.734826 ,5.716295  ,0.000000  ,0.000000  ,-0.005893 ,91.920000 ,-0.058278 ,5.533041  
24.160000 ,-11.686594,-6.498788 ,6.079869  ,0.000000  ,0.000000  ,-0.101181 ,92.040000 ,-0.333141 ,4.249157  
24.200000 ,-11.674362,-6.263531 ,5.699469  ,0.000000  ,0.000000  ,0.052568  ,92.170000 ,-0.195328 ,4.367953  
24.240000 ,-11.651998,-6.044336 ,5.319069  ,0.000000  ,0.000000  ,-0.000961 ,92.290000 ,-0.070102 ,7.666327  
24.280000 ,-11.613537,-5.829742 ,5.576807  ,0.000000  ,0.000000  ,0.002903  ,92.410000 ,-0.195410 ,9.333335  
24.320000 ,-11.560135,-5.621043 ,5.196407  ,0.000000  ,0.000000  ,-0.002718 ,92.530000 ,-0.177358 ,11.040954 
24.360000 ,-11.494054,-5.432112 ,4.816007  ,0.000000  ,0.000000  ,0.014420  ,92.530000 ,-0.057565 ,15.423677 
24.400000 ,-11.406518,-5.257081 ,4.972021  ,0.000000  ,0.000000  ,0.016374  ,92.660000 ,-0.007546 ,15.691113 
24.440000 ,-11.293332,-5.084459 ,5.352421  ,0.000000  ,0.000000  ,0.037103  ,92.780000 ,-0.021220 ,10.561031 
24.480000 ,-11.163725,-4.911531 ,5.450827  ,0.000000  ,0.000000  ,-0.021941 ,92.900000 ,-0.146478 ,5.873087  
24.520000 ,-11.029759,-4.746301 ,5.216023  ,0.000000  ,0.000000  ,0.015589  ,93.020000 ,-0.267646 ,3.944929  
24.560000 ,-10.896892,-4.595466 ,4.835623  ,0.000000  ,0.000000  ,0.023864  ,93.150000 ,-0.312339 ,4.805796  
24.600000 ,-10.764322,-4.465363 ,4.455223  ,0.000000  ,0.000000  ,-0.026801 ,93.390000 ,-0.161554 ,8.794141  
24.640000 ,-10.622209,-4.355730 ,4.523692  ,0.000000  ,0.000000  ,0.020465  ,93.390000 ,-0.046694 ,11.533467 
24.680000 ,-10.459955,-4.259838 ,4.904092  ,0.000000  ,0.000000  ,0.055150  ,93.640000 ,0.039280  ,9.531914  
24.720000 ,-10.276985,-4.170205 ,5.284492  ,0.000000  ,0.000000  ,-0.026053 ,93.880000 ,-0.028129 ,6.010821  
24.760000 ,-10.077052,-4.080867 ,5.664892  ,0.000000  ,0.000000  ,-0.084306 ,93.880000 ,-0.097108 ,2.866357  
24.800000 ,-9.861917 ,-3.988305 ,6.045292  ,0.000000  ,0.000000  ,-0.055643 ,94.000000 ,-0.022879 ,0.877756  
24.840000 ,-9.632287 ,-3.892164 ,6.391390  ,0.000000  ,0.000000  ,-0.009796 ,94.120000 ,0.033890  ,0.373972  
24.880000 ,-9.390471 ,-3.792564 ,6.676209  ,0.000000  ,0.000000  ,0.006447  ,94.250000 ,0.053189  ,0.475246  
24.920000 ,-9.139111 ,-3.688948 ,6.910598  ,0.000000  ,0.000000  ,0.039892  ,94.370000 ,0.090594  ,0.178114  
24.960000 ,-8.880838 ,-3.580585 ,7.088299  ,0.000000  ,0.000000  ,0.011960  ,94.610000 ,0.061583  ,0.703093  
25.000000 ,-8.617856 ,-3.466014 ,7.249724  ,0.000000  ,0.000000  ,-0.157995 ,94.860000 ,-0.117641 ,1.996445  
25.040000 ,-8.351519 ,-3.344558 ,7.382567  ,0.000000  ,0.000000  ,-0.045576 ,94.980000 ,-0.024978 ,2.995763  
25.080000 ,-8.082243 ,-3.217951 ,7.491889  ,0.000000  ,0.000000  ,-0.031726 ,95.100000 ,-0.006655 ,2.637022  
25.120000 ,-7.810277 ,-3.087743 ,7.581854  ,0.000000  ,0.000000  ,0.017995  ,95.230000 ,0.065023  ,1.394110  
25.160000 ,-7.536061 ,-2.954669 ,7.655891  ,0.000000  ,0.000000  ,-0.004620 ,95.470000 ,0.032725  ,0.422417  
25.200000 ,-7.260236 ,-2.818761 ,7.716818  ,0.000000  ,0.000000  ,0.000881  ,95.590000 ,0.050248  ,0.431135  
25.240000 ,-6.983324 ,-2.680063 ,7.766958  ,0.000000  ,0.000000  ,-0.024454 ,95.720000 ,-0.019486 ,1.045049  
25.280000 ,-6.706342 ,-2.537480 ,7.808220  ,0.000000  ,0.000000  ,-0.009305 ,95.840000 ,-0.022615 ,2.027101  
25.320000 ,-6.429143 ,-2.392059 ,7.842177  ,0.000000  ,0.000000  ,-0.009451 ,96.080000 ,-0.020792 ,2.169715  
25.360000 ,-6.151585 ,-2.244673 ,7.870121  ,0.000000  ,0.000000  ,-0.018977 ,96.210000 ,-0.022408 ,1.356215  
25.400000 ,-5.873365 ,-2.096368 ,7.893117  ,0.000000  ,0.000000  ,-0.005882 ,96.450000 ,-0.043312 ,0.179790  
25.440000 ,-5.593933 ,-1.948564 ,7.912042  ,0.000000  ,0.000000  ,-0.078947 ,96.570000 ,-0.099193 ,0.953624  
25.480000 ,-5.312739 ,-1.802644 ,7.927615  ,0.000000  ,0.000000  ,-0.054481 ,96.820000 ,-0.087564 ,1.897707  
25.520000 ,-5.028670 ,-1.661138 ,7.940432  ,0.000000  ,0.000000  ,0.099087  ,96.940000 ,0.087979  ,3.238537  
25.560000 ,-4.740850 ,-1.526330 ,7.950979  ,0.000000  ,0.000000  ,0.067873  ,97.180000 ,0.045436  ,4.930036  
25.600000 ,-4.449776 ,-1.397739 ,7.959658  ,0.000000  ,0.000000  ,-0.002818 ,97.310000 ,-0.018626 ,5.441684  
25.640000 ,-4.156127 ,-1.274324 ,7.966801  ,0.000000  ,0.000000  ,0.051826  ,97.550000 ,0.023773  ,4.407754  
25.680000 ,-3.860048 ,-1.156156 ,7.972679  ,0.000000  ,0.000000  ,-0.081599 ,97.670000 ,-0.116502 ,3.214683  
25.720000 ,-3.562554 ,-1.040993 ,7.977517  ,0.000000  ,0.000000  ,0.000555  ,97.920000 ,-0.046882 ,1.898190  
25.760000 ,-3.263802 ,-0.928639 ,7.981498  ,0.000000  ,0.000000  ,-0.049398 ,98.040000 ,-0.099021 ,1.256853  
25.800000 ,-2.963822 ,-0.819180 ,7.984774  ,0.000000  ,0.000000  ,-0.089009 ,98.290000 ,-0.138631 ,1.456890  
25.840000 ,-2.662149 ,-0.714125 ,7.987470  ,0.000000  ,0.000000  ,-0.107215 ,98.530000 ,-0.156534 ,2.626800  
25.880000 ,-2.357798 ,-0.616812 ,7.989688  ,0.000000  ,0.000000  ,-0.075155 ,98.650000 ,-0.105174 ,4.941808  
25.920000 ,-2.049879 ,-0.531192 ,7.991514  ,0.000000  ,0.000000  ,-0.017612 ,98.900000 ,-0.019044 ,7.984111  
25.960000 ,-1.738400 ,-0.459326 ,7.993017  ,0.000000  ,0.000000  ,0.034233  ,99.020000 ,0.063067  ,10.220142 
26.000000 ,-1.423913 ,-0.401719 ,7.994253  ,0.000000  ,0.000000  ,0.026664  ,99.270000 ,0.063137  ,-10.594529
26.040000 ,-1.107416 ,-0.356031 ,7.995271  ,0.000000  ,0.000000  ,0.042282  ,99.390000 ,0.084227  ,-8.690596 
26.080000 ,-0.789763 ,-0.318843 ,7.996108  ,0.000000  ,0.000000  ,0.087035  ,99.510000 ,0.129041  ,5.395643  
26.120000 ,-0.471710 ,-0.284906 ,7.996797  ,0.000000  ,0.000000  ,0.053756  ,99.760000 ,0.053091  ,1.448417  
26.160000 ,-0.153949 ,-0.248145 ,7.997364  ,0.000000  ,0.000000  ,-0.011526 ,100.000000,-0.040543 ,2.675519  
